8000 0.2
7999 0.1
7998 0.2
7997 0.2
7996 0.1
7995 0.2
7994 0.1
7993 0.1
7992 0.1
7991 0.1
7990 0.2
7989 0.1
7988 0.2
7987 0.2
7986 0.1
7985 0.2
7984 0.1
7983 0.1
7982 0.1
7981 0.2
7980 0.2
7979 0.1
7978 0.2
7977 0.1
7976 0.1
7975 0.2
7974 0.2
7973 0.2
7972 0.2
7971 0.1
7970 0.2
7969 0.2
7968 0.1
7967 0.1
7966 0.2
7965 0.1
7964 0.1
7963 0.2
7962 0.1
7961 0.2
7960 0.1
7959 0.1
7958 0.2
7957 0.2
7956 0.1
7955 0.2
7954 0.1
7953 0.2
7952 0.1
7951 0.1
7950 0.1
7949 0.1
7948 0.1
7947 0.1
7946 0.1
7945 0.2
7944 0.2
7943 0.1
7942 0.2
7941 0.2
7940 0.1
7939 0.1
7938 0.2
7937 0.2
7936 0.1
7935 0.2
7934 0.2
7933 0.1
7932 0.2
7931 0.2
7930 0.2
7929 0.1
7928 0.2
7927 0.2
7926 0.2
7925 0.2
7924 0.2
7923 0.2
7922 0.2
7921 0.2
7920 0.2
7919 0.2
7918 0.2
7917 0.1
7916 0.2
7915 0.2
7914 0.2
7913 0.2
7912 0.2
7911 0.2
7910 0.2
7909 0.2
7908 0.2
7907 0.2
7906 0.2
7905 0.2
7904 0.2
7903 0.2
7902 0.2
7901 0.2
7900 0.2
7899 0.2
7898 0.1
7897 0.2
7896 0.2
7895 0.2
7894 0.1
7893 0.2
7892 0.2
7891 0.2
7890 0.2
7889 0.2
7888 0.2
7887 0.2
7886 0.2
7885 0.2
7884 0.2
7883 0.2
7882 0.2
7881 0.2
7880 0.2
7879 0.2
7878 0.2
7877 0.2
7876 0.1
7875 0.2
7874 0.2
7873 0.2
7872 0.2
7871 0.2
7870 0.2
7869 0.2
7868 0.3
7867 0.2
7866 0.2
7865 0.2
7864 0.2
7863 0.2
7862 0.2
7861 0.2
7860 0.2
7859 0.2
7858 0.2
7857 0.2
7856 0.2
7855 0.2
7854 0.2
7853 0.3
7852 0.2
7851 0.2
7850 0.3
7849 0.2
7848 0.2
7847 0.2
7846 0.2
7845 0.2
7844 0.2
7843 0.2
7842 0.2
7841 0.2
7840 0.3
7839 0.3
7838 0.2
7837 0.3
7836 0.3
7835 0.3
7834 0.2
7833 0.2
7832 0.2
7831 0.3
7830 0.3
7829 0.2
7828 0.3
7827 0.2
7826 0.2
7825 0.2
7824 0.2
7823 0.3
7822 0.2
7821 0.3
7820 0.3
7819 0.3
7818 0.2
7817 0.2
7816 0.2
7815 0.3
7814 0.2
7813 0.2
7812 0.3
7811 0.3
7810 0.2
7809 0.2
7808 0.3
7807 0.2
7806 0.3
7805 0.2
7804 0.3
7803 0.2
7802 0.2
7801 0.2
7800 0.3
7799 0.3
7798 0.3
7797 0.2
7796 0.3
7795 0.2
7794 0.3
7793 0.2
7792 0.3
7791 0.3
7790 0.3
7789 0.3
7788 0.3
7787 0.3
7786 0.2
7785 0.2
7784 0.3
7783 0.3
7782 0.2
7781 0.3
7780 0.3
7779 0.3
7778 0.3
7777 0.3
7776 0.3
7775 0.3
7774 0.3
7773 0.3
7772 0.3
7771 0.3
7770 0.3
7769 0.3
7768 0.3
7767 0.3
7766 0.3
7765 0.3
7764 0.3
7763 0.3
7762 0.3
7761 0.3
7760 0.3
7759 0.3
7758 0.3
7757 0.3
7756 0.3
7755 0.3
7754 0.3
7753 0.3
7752 0.3
7751 0.3
7750 0.3
7749 0.3
7748 0.3
7747 0.4
7746 0.3
7745 0.3
7744 0.4
7743 0.3
7742 0.3
7741 0.3
7740 0.3
7739 0.3
7738 0.3
7737 0.4
7736 0.4
7735 0.4
7734 0.3
7733 0.3
7732 0.4
7731 0.3
7730 0.3
7729 0.3
7728 0.3
7727 0.4
7726 0.3
7725 0.4
7724 0.4
7723 0.3
7722 0.4
7721 0.4
7720 0.3
7719 0.4
7718 0.4
7717 0.4
7716 0.4
7715 0.3
7714 0.4
7713 0.3
7712 0.3
7711 0.3
7710 0.3
7709 0.3
7708 0.3
7707 0.4
7706 0.4
7705 0.3
7704 0.3
7703 0.4
7702 0.4
7701 0.4
7700 0.4
7699 0.4
7698 0.4
7697 0.4
7696 0.3
7695 0.4
7694 0.4
7693 0.4
7692 0.4
7691 0.4
7690 0.4
7689 0.4
7688 0.4
7687 0.4
7686 0.4
7685 0.4
7684 0.4
7683 0.4
7682 0.4
7681 0.4
7680 0.4
7679 0.4
7678 0.4
7677 0.3
7676 0.4
7675 0.4
7674 0.4
7673 0.4
7672 0.3
7671 0.4
7670 0.4
7669 0.4
7668 0.4
7667 0.4
7666 0.4
7665 0.4
7664 0.4
7663 0.4
7662 0.4
7661 0.4
7660 0.4
7659 0.4
7658 0.4
7657 0.4
7656 0.4
7655 0.4
7654 0.4
7653 0.5
7652 0.4
7651 0.4
7650 0.4
7649 0.4
7648 0.4
7647 0.4
7646 0.4
7645 0.4
7644 0.4
7643 0.4
7642 0.4
7641 0.4
7640 0.5
7639 0.4
7638 0.4
7637 0.4
7636 0.5
7635 0.4
7634 0.5
7633 0.4
7632 0.4
7631 0.4
7630 0.5
7629 0.4
7628 0.5
7627 0.5
7626 0.5
7625 0.4
7624 0.5
7623 0.4
7622 0.4
7621 0.4
7620 0.4
7619 0.4
7618 0.5
7617 0.4
7616 0.5
7615 0.5
7614 0.5
7613 0.5
7612 0.5
7611 0.4
7610 0.4
7609 0.5
7608 0.5
7607 0.5
7606 0.5
7605 0.5
7604 0.4
7603 0.4
7602 0.5
7601 0.4
7600 0.5
7599 0.4
7598 0.5
7597 0.5
7596 0.5
7595 0.5
7594 0.5
7593 0.5
7592 0.5
7591 0.5
7590 0.5
7589 0.5
7588 0.5
7587 0.4
7586 0.5
7585 0.5
7584 0.5
7583 0.5
7582 0.5
7581 0.5
7580 0.5
7579 0.5
7578 0.5
7577 0.5
7576 0.5
7575 0.5
7574 0.5
7573 0.5
7572 0.5
7571 0.5
7570 0.5
7569 0.5
7568 0.5
7567 0.5
7566 0.6
7565 0.5
7564 0.5
7563 0.5
7562 0.6
7561 0.5
7560 0.5
7559 0.5
7558 0.6
7557 0.5
7556 0.5
7555 0.5
7554 0.5
7553 0.6
7552 0.5
7551 0.5
7550 0.5
7549 0.5
7548 0.5
7547 0.5
7546 0.6
7545 0.5
7544 0.5
7543 0.5
7542 0.5
7541 0.5
7540 0.6
7539 0.6
7538 0.6
7537 0.5
7536 0.6
7535 0.5
7534 0.6
7533 0.6
7532 0.5
7531 0.6
7530 0.6
7529 0.6
7528 0.6
7527 0.6
7526 0.5
7525 0.5
7524 0.6
7523 0.6
7522 0.6
7521 0.6
7520 0.6
7519 0.6
7518 0.6
7517 0.6
7516 0.6
7515 0.6
7514 0.5
7513 0.6
7512 0.6
7511 0.6
7510 0.6
7509 0.6
7508 0.6
7507 0.6
7506 0.5
7505 0.5
7504 0.6
7503 0.6
7502 0.6
7501 0.6
7500 0.6
7499 0.6
7498 0.6
7497 0.6
7496 0.6
7495 0.6
7494 0.7
7493 0.6
7492 0.6
7491 0.6
7490 0.6
7489 0.6
7488 0.6
7487 0.6
7486 0.6
7485 0.6
7484 0.6
7483 0.6
7482 0.6
7481 0.6
7480 0.6
7479 0.6
7478 0.6
7477 0.6
7476 0.7
7475 0.6
7474 0.6
7473 0.6
7472 0.6
7471 0.7
7470 0.7
7469 0.7
7468 0.6
7467 0.6
7466 0.6
7465 0.6
7464 0.6
7463 0.7
7462 0.7
7461 0.6
7460 0.7
7459 0.6
7458 0.6
7457 0.6
7456 0.7
7455 0.6
7454 0.6
7453 0.7
7452 0.6
7451 0.6
7450 0.6
7449 0.6
7448 0.7
7447 0.6
7446 0.6
7445 0.7
7444 0.7
7443 0.7
7442 0.7
7441 0.7
7440 0.7
7439 0.6
7438 0.7
7437 0.6
7436 0.7
7435 0.6
7434 0.7
7433 0.7
7432 0.7
7431 0.6
7430 0.6
7429 0.7
7428 0.7
7427 0.6
7426 0.6
7425 0.7
7424 0.7
7423 0.7
7422 0.7
7421 0.7
7420 0.7
7419 0.7
7418 0.7
7417 0.7
7416 0.7
7415 0.7
7414 0.7
7413 0.7
7412 0.7
7411 0.7
7410 0.7
7409 0.7
7408 0.7
7407 0.7
7406 0.7
7405 0.6
7404 0.6
7403 0.7
7402 0.7
7401 0.7
7400 0.7
7399 0.7
7398 0.7
7397 0.7
7396 0.7
7395 0.7
7394 0.7
7393 0.7
7392 0.8
7391 0.8
7390 0.7
7389 0.7
7388 0.7
7387 0.7
7386 0.8
7385 0.8
7384 0.7
7383 0.7
7382 0.7
7381 0.7
7380 0.7
7379 0.7
7378 0.7
7377 0.7
7376 0.7
7375 0.8
7374 0.8
7373 0.7
7372 0.7
7371 0.7
7370 0.7
7369 0.7
7368 0.7
7367 0.8
7366 0.8
7365 0.8
7364 0.7
7363 0.8
7362 0.7
7361 0.7
7360 0.7
7359 0.7
7358 0.7
7357 0.7
7356 0.8
7355 0.8
7354 0.7
7353 0.7
7352 0.8
7351 0.8
7350 0.8
7349 0.7
7348 0.8
7347 0.8
7346 0.7
7345 0.8
7344 0.7
7343 0.8
7342 0.8
7341 0.8
7340 0.8
7339 0.8
7338 0.7
7337 0.8
7336 0.8
7335 0.8
7334 0.8
7333 0.7
7332 0.7
7331 0.7
7330 0.7
7329 0.8
7328 0.8
7327 0.8
7326 0.8
7325 0.8
7324 0.8
7323 0.8
7322 0.8
7321 0.8
7320 0.8
7319 0.8
7318 0.8
7317 0.8
7316 0.8
7315 0.8
7314 0.8
7313 0.8
7312 0.8
7311 0.8
7310 0.8
7309 0.8
7308 0.8
7307 0.8
7306 0.8
7305 0.8
7304 0.8
7303 0.8
7302 0.8
7301 0.8
7300 0.8
7299 0.8
7298 0.8
7297 0.9
7296 0.8
7295 0.8
7294 0.8
7293 0.8
7292 0.8
7291 0.8
7290 0.8
7289 0.8
7288 0.9
7287 0.9
7286 0.9
7285 0.9
7284 0.8
7283 0.8
7282 0.8
7281 0.8
7280 0.8
7279 0.8
7278 0.9
7277 0.8
7276 0.8
7275 0.8
7274 0.8
7273 0.9
7272 0.8
7271 0.9
7270 0.9
7269 0.9
7268 0.9
7267 0.9
7266 0.8
7265 0.9
7264 0.9
7263 0.8
7262 0.8
7261 0.9
7260 0.8
7259 0.9
7258 0.9
7257 0.9
7256 0.8
7255 0.9
7254 0.9
7253 0.9
7252 0.9
7251 0.9
7250 0.4
7249 0.4
7248 0.4
7247 0.5
7246 0.5
7245 0.5
7244 0.4
7243 0.4
7242 0.4
7241 0.4
7240 0.4
7239 0.5
7238 0.4
7237 0.4
7236 0.4
7235 0.4
7234 0.5
7233 0.4
7232 0.5
7231 0.4
7230 0.4
7229 0.4
7228 0.4
7227 0.4
7226 0.5
7225 0.5
7224 0.5
7223 0.4
7222 0.5
7221 0.4
7220 0.4
7219 0.4
7218 0.5
7217 0.5
7216 0.5
7215 0.5
7214 0.5
7213 0.4
7212 0.4
7211 0.4
7210 0.4
7209 0.5
7208 0.4
7207 0.5
7206 0.5
7205 0.5
7204 0.5
7203 0.5
7202 0.4
7201 0.5
7200 0.5
7199 0.4
7198 0.4
7197 0.5
7196 0.4
7195 0.5
7194 0.4
7193 0.5
7192 0.5
7191 0.5
7190 0.4
7189 0.4
7188 0.5
7187 0.5
7186 0.5
7185 0.4
7184 0.4
7183 0.5
7182 0.5
7181 0.5
7180 0.5
7179 0.5
7178 0.5
7177 0.5
7176 0.4
7175 0.4
7174 0.5
7173 0.5
7172 0.4
7171 0.5
7170 0.4
7169 0.5
7168 0.5
7167 0.5
7166 0.5
7165 0.5
7164 0.5
7163 0.4
7162 0.4
7161 0.5
7160 0.4
7159 0.5
7158 0.5
7157 0.5
7156 0.5
7155 0.5
7154 0.5
7153 0.5
7152 0.5
7151 0.4
7150 0.5
7149 0.5
7148 0.5
7147 0.5
7146 0.5
7145 0.5
7144 0.5
7143 0.4
7142 0.4
7141 0.4
7140 0.5
7139 0.5
7138 0.5
7137 0.5
7136 0.5
7135 0.5
7134 0.5
7133 0.5
7132 0.5
7131 0.5
7130 0.5
7129 0.5
7128 0.5
7127 0.5
7126 0.5
7125 0.4
7124 0.5
7123 0.5
7122 0.5
7121 0.5
7120 0.5
7119 0.5
7118 0.5
7117 0.5
7116 0.5
7115 0.5
7114 0.5
7113 0.5
7112 0.5
7111 0.5
7110 0.5
7109 0.5
7108 0.5
7107 0.5
7106 0.5
7105 0.5
7104 0.5
7103 0.5
7102 0.5
7101 0.5
7100 0.5
7099 0.5
7098 0.5
7097 0.5
7096 0.5
7095 0.5
7094 0.5
7093 0.5
7092 0.5
7091 0.5
7090 0.5
7089 0.5
7088 0.5
7087 0.5
7086 0.5
7085 0.5
7084 0.5
7083 0.5
7082 0.5
7081 0.5
7080 0.6
7079 0.5
7078 0.5
7077 0.5
7076 0.5
7075 0.5
7074 0.6
7073 0.5
7072 0.6
7071 0.5
7070 0.5
7069 0.5
7068 0.5
7067 0.5
7066 0.5
7065 0.5
7064 0.5
7063 0.5
7062 0.5
7061 0.5
7060 0.5
7059 0.5
7058 0.5
7057 0.5
7056 0.5
7055 0.5
7054 0.5
7053 0.5
7052 0.6
7051 0.5
7050 0.5
7049 0.6
7048 0.5
7047 0.5
7046 0.5
7045 0.6
7044 0.5
7043 0.5
7042 0.5
7041 0.6
7040 0.6
7039 0.6
7038 0.5
7037 0.5
7036 0.5
7035 0.5
7034 0.6
7033 0.6
7032 0.5
7031 0.6
7030 0.5
7029 0.6
7028 0.5
7027 0.6
7026 0.6
7025 0.5
7024 0.6
7023 0.5
7022 0.6
7021 0.5
7020 0.6
7019 0.5
7018 0.6
7017 0.5
7016 0.5
7015 0.6
7014 0.6
7013 0.6
7012 0.5
7011 0.5
7010 0.6
7009 0.5
7008 0.6
7007 0.5
7006 0.5
7005 0.6
7004 0.5
7003 0.6
7002 0.5
7001 0.5
7000 0.6
6999 0.6
6998 0.6
6997 0.5
6996 0.6
6995 0.6
6994 0.6
6993 0.6
6992 0.5
6991 0.6
6990 0.6
6989 0.5
6988 0.6
6987 0.6
6986 0.6
6985 0.6
6984 0.6
6983 0.6
6982 0.5
6981 0.6
6980 0.5
6979 0.6
6978 0.6
6977 0.6
6976 0.5
6975 0.6
6974 0.5
6973 0.5
6972 0.6
6971 0.6
6970 0.6
6969 0.6
6968 0.6
6967 0.6
6966 0.6
6965 0.6
6964 0.5
6963 0.6
6962 0.6
6961 0.6
6960 0.6
6959 0.5
6958 0.6
6957 0.6
6956 0.6
6955 0.6
6954 0.6
6953 0.6
6952 0.6
6951 0.5
6950 0.6
6949 0.6
6948 0.5
6947 0.6
6946 0.6
6945 0.6
6944 0.6
6943 0.5
6942 0.6
6941 0.5
6940 0.6
6939 0.6
6938 0.6
6937 0.6
6936 0.6
6935 0.6
6934 0.6
6933 0.7
6932 0.7
6931 0.7
6930 0.6
6929 0.7
6928 0.6
6927 0.7
6926 0.7
6925 0.6
6924 0.7
6923 0.7
6922 0.7
6921 0.7
6920 0.7
6919 0.7
6918 0.7
6917 0.7
6916 0.7
6915 0.7
6914 0.7
6913 0.7
6912 0.7
6911 0.7
6910 0.8
6909 0.7
6908 0.7
6907 0.7
6906 0.7
6905 0.7
6904 0.7
6903 0.7
6902 0.8
6901 0.8
6900 0.8
6899 0.8
6898 0.7
6897 0.7
6896 0.8
6895 0.8
6894 0.8
6893 0.8
6892 0.8
6891 0.8
6890 0.8
6889 0.8
6888 0.8
6887 0.8
6886 0.8
6885 0.8
6884 0.8
6883 0.8
6882 0.8
6881 0.8
6880 0.8
6879 0.8
6878 0.8
6877 0.8
6876 0.8
6875 0.9
6874 0.8
6873 0.9
6872 0.8
6871 0.9
6870 0.8
6869 0.8
6868 0.8
6867 0.8
6866 0.8
6865 0.9
6864 0.9
6863 0.9
6862 0.9
6861 0.9
6860 0.9
6859 0.9
6858 0.9
6857 0.8
6856 0.9
6855 0.9
6854 0.9
6853 0.9
6852 0.9
6851 0.9
6850 0.9
6849 0.9
6848 0.9
6847 1
6846 0.9
6845 0.9
6844 1
6843 0.9
6842 0.9
6841 0.9
6840 0.9
6839 0.9
6838 1
6837 1
6836 0.9
6835 0.9
6834 0.9
6833 0.9
6832 1
6831 1
6830 1
6829 1
6828 1
6827 1
6826 1
6825 1
6824 1
6823 1.1
6822 1.1
6821 1.1
6820 1
6819 1.1
6818 1.1
6817 1.1
6816 1
6815 1
6814 1
6813 1.1
6812 1.1
6811 1.1
6810 1.1
6809 1.1
6808 1.1
6807 1.1
6806 1.1
6805 1.1
6804 1.1
6803 1.1
6802 1.1
6801 1.1
6800 1.1
6799 1.1
6798 1.1
6797 1.2
6796 1.1
6795 1.2
6794 1.2
6793 1.2
6792 1.2
6791 1.1
6790 1.2
6789 1.2
6788 1.1
6787 1.2
6786 1.2
6785 1.2
6784 1.2
6783 1.2
6782 1.2
6781 1.2
6780 1.2
6779 1.2
6778 1.2
6777 1.2
6776 1.2
6775 1.2
6774 1.2
6773 1.2
6772 1.2
6771 1.3
6770 1.3
6769 1.3
6768 1.2
6767 1.2
6766 1.3
6765 1.3
6764 1.2
6763 1.2
6762 1.2
6761 1.2
6760 1.3
6759 1.2
6758 1.2
6757 1.3
6756 1.2
6755 1.2
6754 1.3
6753 1.3
6752 1.3
6751 1.3
6750 1.3
6749 1.4
6748 1.3
6747 1.3
6746 1.3
6745 1.4
6744 1.4
6743 1.4
6742 1.3
6741 1.3
6740 1.4
6739 1.4
6738 1.3
6737 1.4
6736 1.3
6735 1.4
6734 1.4
6733 1.3
6732 1.4
6731 1.3
6730 1.4
6729 1.4
6728 1.4
6727 1.4
6726 1.4
6725 1.5
6724 1.4
6723 1.5
6722 1.4
6721 1.4
6720 1.4
6719 1.4
6718 1.4
6717 1.4
6716 1.5
6715 1.4
6714 1.5
6713 1.5
6712 1.5
6711 1.5
6710 1.5
6709 1.5
6708 1.5
6707 1.5
6706 1.5
6705 1.5
6704 1.5
6703 1.5
6702 1.5
6701 1.5
6700 1.5
6699 1.6
6698 1.6
6697 1.5
6696 1.5
6695 1.6
6694 1.5
6693 1.5
6692 1.5
6691 1.6
6690 1.6
6689 1.6
6688 1.6
6687 1.6
6686 1.6
6685 1.6
6684 1.6
6683 1.6
6682 1.6
6681 1.6
6680 1.6
6679 1.6
6678 1.6
6677 1.6
6676 1.6
6675 1.7
6674 1.6
6673 1.6
6672 1.6
6671 1.6
6670 1.6
6669 1.7
6668 1.7
6667 1.7
6666 1.7
6665 1.6
6664 1.7
6663 1.6
6662 1.7
6661 1.7
6660 1.7
6659 1.7
6658 1.7
6657 1.7
6656 1.7
6655 1.7
6654 1.7
6653 1.7
6652 1.7
6651 1.7
6650 1.8
6649 1.7
6648 1.7
6647 1.8
6646 1.7
6645 1.7
6644 1.7
6643 1.8
6642 1.8
6641 1.7
6640 1.8
6639 1.8
6638 1.8
6637 1.8
6636 1.8
6635 1.8
6634 1.8
6633 1.8
6632 1.8
6631 1.9
6630 1.9
6629 1.9
6628 1.9
6627 1.9
6626 1.9
6625 1.9
6624 1.8
6623 1.9
6622 1.8
6621 1.9
6620 1.9
6619 1.9
6618 1.9
6617 1.9
6616 2
6615 2
6614 1.9
6613 1.9
6612 2
6611 1.9
6610 2
6609 2
6608 2
6607 2
6606 1.9
6605 2
6604 1.9
6603 1.9
6602 2
6601 2
6600 2
6599 2
6598 2
6597 2
6596 2.1
6595 2
6594 2
6593 2.1
6592 2
6591 2.1
6590 2.1
6589 2.1
6588 2.1
6587 2.1
6586 2.1
6585 2.1
6584 2.1
6583 2.1
6582 2.1
6581 2.1
6580 2.1
6579 2.1
6578 2.1
6577 2.1
6576 2.1
6575 2.2
6574 2.1
6573 2.2
6572 2.2
6571 2.2
6570 2.1
6569 2.1
6568 2.2
6567 2.1
6566 2.2
6565 2.2
6564 2.2
6563 2.2
6562 2.1
6561 2.2
6560 2.2
6559 2.2
6558 2.2
6557 2.2
6556 2.3
6555 2.2
6554 2.2
6553 2.2
6552 2.2
6551 2.2
6550 2.2
6549 2.3
6548 2.2
6547 2.3
6546 2.2
6545 2.3
6544 2.3
6543 2.3
6542 2.3
6541 2.3
6540 2.3
6539 2.3
6538 2.3
6537 2.3
6536 2.3
6535 2.3
6534 2.4
6533 2.4
6532 2.3
6531 2.4
6530 2.4
6529 2.3
6528 2.4
6527 2.4
6526 2.4
6525 2.4
6524 2.3
6523 2.4
6522 2.4
6521 2.4
6520 2.4
6519 2.5
6518 2.5
6517 2.5
6516 2.4
6515 2.4
6514 2.5
6513 2.5
6512 2.5
6511 2.4
6510 2.5
6509 2.5
6508 2.5
6507 2.5
6506 2.4
6505 2.4
6504 2.5
6503 2.5
6502 2.4
6501 2.5
6500 2.5
6499 2.5
6498 2.5
6497 2.5
6496 2.5
6495 2.6
6494 2.6
6493 2.5
6492 2.6
6491 2.6
6490 2.6
6489 2.5
6488 2.6
6487 2.6
6486 2.6
6485 2.6
6484 2.6
6483 2.6
6482 2.6
6481 2.6
6480 2.6
6479 2.6
6478 2.6
6477 2.6
6476 2.7
6475 2.7
6474 2.6
6473 2.7
6472 2.6
6471 2.6
6470 2.7
6469 2.7
6468 2.7
6467 2.7
6466 2.7
6465 2.7
6464 2.7
6463 2.7
6462 2.7
6461 2.7
6460 2.7
6459 2.7
6458 2.7
6457 2.7
6456 2.7
6455 2.8
6454 2.7
6453 2.7
6452 2.7
6451 2.8
6450 2.8
6449 2.8
6448 2.8
6447 2.8
6446 2.8
6445 2.8
6444 2.8
6443 2.8
6442 2.8
6441 2.8
6440 2.9
6439 2.9
6438 2.8
6437 2.8
6436 2.9
6435 2.8
6434 2.9
6433 2.9
6432 2.9
6431 2.9
6430 2.9
6429 2.9
6428 2.9
6427 2.9
6426 2.9
6425 2.9
6424 2.9
6423 2.9
6422 2.9
6421 2.9
6420 3
6419 3
6418 3
6417 3
6416 2.9
6415 2.9
6414 3
6413 3
6412 3
6411 3
6410 3
6409 3
6408 3
6407 3
6406 3
6405 3
6404 3
6403 3
6402 3
6401 3
6400 3
6399 3.1
6398 3.1
6397 3.1
6396 3.1
6395 3.2
6394 3.2
6393 3.1
6392 3.1
6391 3.2
6390 3.1
6389 3.1
6388 3.1
6387 3.2
6386 3.1
6385 3.1
6384 3.1
6383 3.2
6382 3.2
6381 3.1
6380 3.1
6379 3.1
6378 3.2
6377 3.2
6376 3.2
6375 3.2
6374 3.2
6373 3.2
6372 3.2
6371 3.2
6370 3.2
6369 3.2
6368 3.3
6367 3.3
6366 3.3
6365 3.2
6364 3.3
6363 3.2
6362 3.3
6361 3.3
6360 3.3
6359 3.2
6358 3.3
6357 3.3
6356 3.3
6355 3.3
6354 3.2
6353 3.3
6352 3.3
6351 3.3
6350 3.3
6349 3.3
6348 3.3
6347 3.4
6346 3.4
6345 3.3
6344 3.4
6343 3.3
6342 3.4
6341 3.4
6340 3.3
6339 3.4
6338 3.5
6337 3.4
6336 3.4
6335 3.4
6334 3.5
6333 3.5
6332 3.5
6331 3.5
6330 3.5
6329 3.4
6328 3.5
6327 3.4
6326 3.5
6325 3.4
6324 3.5
6323 3.5
6322 3.5
6321 3.5
6320 3.5
6319 3.5
6318 3.5
6317 3.5
6316 3.5
6315 3.5
6314 3.5
6313 3.5
6312 3.6
6311 3.6
6310 3.6
6309 3.6
6308 3.5
6307 3.6
6306 3.5
6305 3.5
6304 3.5
6303 3.5
6302 3.5
6301 3.6
6300 3.6
6299 3.6
6298 3.6
6297 3.7
6296 3.7
6295 3.6
6294 3.6
6293 3.7
6292 3.7
6291 3.7
6290 3.7
6289 3.7
6288 3.7
6287 3.6
6286 3.7
6285 3.7
6284 3.7
6283 3.7
6282 3.7
6281 3.8
6280 3.8
6279 3.7
6278 3.7
6277 3.8
6276 3.7
6275 3.8
6274 3.8
6273 3.8
6272 3.7
6271 3.8
6270 3.7
6269 3.8
6268 3.8
6267 3.8
6266 3.8
6265 3.7
6264 3.8
6263 3.8
6262 3.8
6261 3.8
6260 3.8
6259 3.9
6258 3.9
6257 3.8
6256 3.9
6255 3.8
6254 3.8
6253 3.8
6252 3.8
6251 3.9
6250 3.8
6249 3.8
6248 3.9
6247 3.9
6246 3.9
6245 3.9
6244 3.9
6243 3.9
6242 3.9
6241 3.9
6240 3.9
6239 3.9
6238 3.9
6237 3.9
6236 3.9
6235 3.9
6234 4
6233 4
6232 4
6231 4
6230 4
6229 4
6228 4
6227 4
6226 4
6225 4
6224 4.1
6223 4
6222 4
6221 4
6220 4
6219 4
6218 4.1
6217 4
6216 4
6215 4.1
6214 4.1
6213 4
6212 4.1
6211 4.1
6210 4.1
6209 4.1
6208 4
6207 4.1
6206 4.1
6205 4.1
6204 4.1
6203 4.1
6202 4.1
6201 4.1
6200 4.2
6199 4.1
6198 4.2
6197 4.1
6196 4.2
6195 4.2
6194 4.2
6193 4.2
6192 4.2
6191 4.2
6190 4.3
6189 4.2
6188 4.2
6187 4.2
6186 4.2
6185 4.2
6184 4.3
6183 4.2
6182 4.2
6181 4.2
6180 4.3
6179 4.2
6178 4.2
6177 4.3
6176 4.3
6175 4.2
6174 4.2
6173 4.3
6172 4.3
6171 4.3
6170 4.3
6169 4.3
6168 4.3
6167 4.3
6166 4.3
6165 4.3
6164 4.4
6163 4.3
6162 4.3
6161 4.3
6160 4.3
6159 4.3
6158 4.3
6157 4.4
6156 4.3
6155 4.3
6154 4.4
6153 4.4
6152 4.4
6151 4.4
6150 4.4
6149 4.4
6148 4.4
6147 4.4
6146 4.4
6145 4.4
6144 4.4
6143 4.4
6142 4.5
6141 4.4
6140 4.4
6139 4.5
6138 4.4
6137 4.5
6136 4.5
6135 4.4
6134 4.4
6133 4.5
6132 4.5
6131 4.5
6130 4.5
6129 4.5
6128 4.6
6127 4.5
6126 4.5
6125 4.5
6124 4.6
6123 4.5
6122 4.5
6121 4.5
6120 4.5
6119 4.6
6118 4.5
6117 4.6
6116 4.6
6115 4.6
6114 4.5
6113 4.6
6112 4.6
6111 4.6
6110 4.6
6109 4.6
6108 4.6
6107 4.6
6106 4.6
6105 4.6
6104 4.5
6103 4.6
6102 4.6
6101 4.7
6100 4.6
6099 4.6
6098 4.7
6097 4.7
6096 4.7
6095 4.7
6094 4.7
6093 4.7
6092 4.7
6091 4.7
6090 4.7
6089 4.7
6088 4.7
6087 4.7
6086 4.7
6085 4.8
6084 4.8
6083 4.8
6082 4.7
6081 4.8
6080 4.8
6079 4.8
6078 4.7
6077 4.7
6076 4.8
6075 4.8
6074 4.8
6073 4.8
6072 4.7
6071 4.8
6070 4.8
6069 4.8
6068 4.8
6067 4.8
6066 4.8
6065 4.8
6064 4.8
6063 4.8
6062 4.8
6061 4.9
6060 4.8
6059 4.8
6058 4.9
6057 4.9
6056 4.8
6055 4.8
6054 4.8
6053 4.8
6052 4.9
6051 4.8
6050 4.8
6049 4.9
6048 4.8
6047 4.9
6046 4.9
6045 4.9
6044 4.9
6043 4.9
6042 4.9
6041 4.9
6040 5
6039 4.9
6038 4.9
6037 4.9
6036 4.9
6035 5
6034 5
6033 5
6032 4.9
6031 5
6030 5
6029 5
6028 5
6027 5
6026 5
6025 5
6024 4.9
6023 5
6022 5.1
6021 5
6020 5
6019 5
6018 5
6017 5
6016 5
6015 5
6014 5
6013 5.1
6012 5.1
6011 5
6010 5
6009 5.1
6008 5
6007 5.1
6006 5
6005 5.1
6004 5.1
6003 5
6002 5.1
6001 5.1
6000 5.1
5999 5.1
5998 5.1
5997 5.1
5996 5.2
5995 5.1
5994 5.2
5993 5.1
5992 5.2
5991 5.2
5990 5.2
5989 5.2
5988 5.2
5987 5.2
5986 5.2
5985 5.2
5984 5.2
5983 5.2
5982 5.2
5981 5.2
5980 5.2
5979 5.2
5978 5.2
5977 5.2
5976 5.2
5975 5.3
5974 5.2
5973 5.2
5972 5.2
5971 5.3
5970 5.2
5969 5.2
5968 5.3
5967 5.3
5966 5.3
5965 5.3
5964 5.3
5963 5.3
5962 5.3
5961 5.3
5960 5.2
5959 5.3
5958 5.3
5957 5.3
5956 5.3
5955 5.3
5954 5.3
5953 5.2
5952 5.3
5951 5.3
5950 5.3
5949 5.3
5948 5.3
5947 5.3
5946 5.3
5945 5.3
5944 5.4
5943 5.3
5942 5.3
5941 5.4
5940 5.3
5939 5.4
5938 5.4
5937 5.3
5936 5.3
5935 5.4
5934 5.4
5933 5.4
5932 5.4
5931 5.4
5930 5.4
5929 5.4
5928 5.4
5927 5.5
5926 5.5
5925 5.4
5924 5.4
5923 5.5
5922 5.5
5921 5.4
5920 5.5
5919 5.5
5918 5.5
5917 5.5
5916 5.4
5915 5.5
5914 5.5
5913 5.5
5912 5.5
5911 5.5
5910 5.5
5909 5.5
5908 5.5
5907 5.5
5906 5.5
5905 5.5
5904 5.6
5903 5.5
5902 5.5
5901 5.5
5900 5.6
5899 5.6
5898 5.6
5897 5.5
5896 5.6
5895 5.6
5894 5.6
5893 5.6
5892 5.7
5891 5.7
5890 5.6
5889 5.6
5888 5.6
5887 5.6
5886 5.6
5885 5.6
5884 5.6
5883 5.6
5882 5.7
5881 5.6
5880 5.6
5879 5.6
5878 5.7
5877 5.6
5876 5.7
5875 5.7
5874 5.7
5873 5.7
5872 5.7
5871 5.7
5870 5.7
5869 5.8
5868 5.7
5867 5.7
5866 5.8
5865 5.7
5864 5.8
5863 5.7
5862 5.7
5861 5.7
5860 5.7
5859 5.8
5858 5.8
5857 5.8
5856 5.8
5855 5.8
5854 5.7
5853 5.8
5852 5.8
5851 5.7
5850 5.7
5849 5.7
5848 5.8
5847 5.8
5846 5.8
5845 5.8
5844 5.8
5843 5.8
5842 5.8
5841 5.9
5840 5.9
5839 5.9
5838 5.8
5837 5.9
5836 5.9
5835 5.9
5834 5.9
5833 5.9
5832 5.9
5831 5.9
5830 5.9
5829 5.9
5828 5.9
5827 5.9
5826 5.9
5825 5.9
5824 5.9
5823 6
5822 5.9
5821 5.9
5820 5.9
5819 5.9
5818 6
5817 5.9
5816 5.9
5815 6
5814 6
5813 6
5812 5.9
5811 6
5810 6
5809 6
5808 5.9
5807 5.9
5806 5.9
5805 6
5804 6
5803 6
5802 5.9
5801 6
5800 6
5799 6.1
5798 6.1
5797 6.1
5796 6.1
5795 6.1
5794 6.1
5793 6.1
5792 6.1
5791 6.1
5790 6.1
5789 6.1
5788 6.1
5787 6.1
5786 6.1
5785 6.1
5784 6.1
5783 6.1
5782 6.1
5781 6.1
5780 6.1
5779 6.1
5778 6.1
5777 6.2
5776 6.2
5775 6.2
5774 6.1
5773 6.1
5772 6.2
5771 6.1
5770 6.2
5769 6.2
5768 6.2
5767 6.2
5766 6.2
5765 6.2
5764 6.2
5763 6.2
5762 6.2
5761 6.2
5760 6.2
5759 6.2
5758 6.2
5757 6.2
5756 6.2
5755 6.2
5754 6.2
5753 6.2
5752 6.3
5751 6.2
5750 6.2
5749 6.3
5748 6.2
5747 6.3
5746 6.3
5745 6.2
5744 6.3
5743 6.3
5742 6.3
5741 6.3
5740 6.3
5739 6.3
5738 6.3
5737 6.3
5736 6.3
5735 6.3
5734 6.4
5733 6.3
5732 6.3
5731 6.3
5730 6.4
5729 6.3
5728 6.4
5727 6.4
5726 6.4
5725 6.4
5724 6.4
5723 6.4
5722 6.4
5721 6.4
5720 6.3
5719 6.3
5718 6.4
5717 6.4
5716 6.3
5715 6.4
5714 6.4
5713 6.4
5712 6.4
5711 6.4
5710 6.4
5709 6.4
5708 6.4
5707 6.4
5706 6.4
5705 6.4
5704 6.4
5703 6.5
5702 6.4
5701 6.5
5700 6.5
5699 6.5
5698 6.5
5697 6.5
5696 6.5
5695 6.6
5694 6.6
5693 6.6
5692 6.6
5691 6.5
5690 6.5
5689 6.5
5688 6.6
5687 6.5
5686 6.6
5685 6.6
5684 6.6
5683 6.6
5682 6.6
5681 6.6
5680 6.6
5679 6.6
5678 6.5
5677 6.6
5676 6.6
5675 6.6
5674 6.6
5673 6.6
5672 6.7
5671 6.6
5670 6.6
5669 6.6
5668 6.6
5667 6.6
5666 6.6
5665 6.6
5664 6.6
5663 6.6
5662 6.6
5661 6.7
5660 6.7
5659 6.7
5658 6.6
5657 6.7
5656 6.6
5655 6.7
5654 6.7
5653 6.6
5652 6.7
5651 6.6
5650 6.6
5649 6.7
5648 6.7
5647 6.8
5646 6.8
5645 6.7
5644 6.7
5643 6.7
5642 6.8
5641 6.7
5640 6.8
5639 6.7
5638 6.7
5637 6.8
5636 6.7
5635 6.7
5634 6.7
5633 6.8
5632 6.7
5631 6.8
5630 6.8
5629 6.8
5628 6.8
5627 6.8
5626 6.8
5625 6.8
5624 6.8
5623 6.8
5622 6.8
5621 6.8
5620 6.8
5619 6.8
5618 6.8
5617 6.9
5616 6.9
5615 6.9
5614 6.9
5613 6.8
5612 6.9
5611 6.8
5610 6.9
5609 6.8
5608 6.9
5607 6.8
5606 6.8
5605 6.8
5604 6.8
5603 6.8
5602 6.9
5601 6.8
5600 6.8
5599 6.9
5598 6.9
5597 6.9
5596 6.9
5595 6.9
5594 7
5593 6.9
5592 6.9
5591 6.9
5590 7
5589 6.9
5588 7
5587 7
5586 7
5585 7
5584 7
5583 7
5582 6.9
5581 7
5580 7
5579 6.9
5578 6.9
5577 7
5576 6.9
5575 7
5574 7
5573 7
5572 7
5571 7
5570 7
5569 7
5568 7
5567 7
5566 7
5565 7
5564 7
5563 7.1
5562 7
5561 7
5560 7
5559 7
5558 7
5557 7
5556 7.1
5555 7
5554 7
5553 7
5552 7.1
5551 7.1
5550 7
5549 7
5548 7.1
5547 7.2
5546 7.1
5545 7.1
5544 7.1
5543 7.1
5542 7.1
5541 7.2
5540 7.1
5539 7.1
5538 7.2
5537 7.1
5536 7.1
5535 7.2
5534 7.1
5533 7.1
5532 7.1
5531 7.2
5530 7.2
5529 7.2
5528 7.1
5527 7.2
5526 7.1
5525 7.2
5524 7.2
5523 7.2
5522 7.1
5521 7.2
5520 7.2
5519 7.2
5518 7.2
5517 7.2
5516 7.2
5515 7.2
5514 7.2
5513 7.3
5512 7.2
5511 7.2
5510 7.2
5509 7.2
5508 7.2
5507 7.2
5506 7.2
5505 7.2
5504 7.2
5503 7.2
5502 7.2
5501 7.2
5500 7.2
5499 7.3
5498 7.3
5497 7.3
5496 7.2
5495 7.3
5494 7.3
5493 7.3
5492 7.4
5491 7.3
5490 7.4
5489 7.3
5488 7.3
5487 7.4
5486 7.3
5485 7.4
5484 7.3
5483 7.4
5482 7.3
5481 7.3
5480 7.3
5479 7.3
5478 7.3
5477 7.4
5476 7.3
5475 7.4
5474 7.3
5473 7.4
5472 7.4
5471 7.3
5470 7.4
5469 7.5
5468 7.4
5467 7.4
5466 7.3
5465 7.4
5464 7.4
5463 7.4
5462 7.3
5461 7.4
5460 7.3
5459 7.4
5458 7.4
5457 7.4
5456 7.4
5455 7.4
5454 7.4
5453 7.5
5452 7.4
5451 7.4
5450 7.4
5449 7.5
5448 7.5
5447 7.5
5446 7.5
5445 7.5
5444 7.5
5443 7.5
5442 7.5
5441 7.5
5440 7.5
5439 7.5
5438 7.5
5437 7.5
5436 7.5
5435 7.5
5434 7.5
5433 7.6
5432 7.5
5431 7.5
5430 7.5
5429 7.6
5428 7.6
5427 7.5
5426 7.6
5425 7.5
5424 7.6
5423 7.6
5422 7.5
5421 7.6
5420 7.6
5419 7.6
5418 7.6
5417 7.6
5416 7.6
5415 7.6
5414 7.6
5413 7.6
5412 7.6
5411 7.6
5410 7.6
5409 7.6
5408 7.6
5407 7.6
5406 7.6
5405 7.5
5404 7.5
5403 7.6
5402 7.6
5401 7.6
5400 7.6
5399 7.7
5398 7.7
5397 7.6
5396 7.7
5395 7.7
5394 7.6
5393 7.7
5392 7.7
5391 7.7
5390 7.7
5389 7.7
5388 7.7
5387 7.7
5386 7.7
5385 7.7
5384 7.7
5383 7.8
5382 7.7
5381 7.7
5380 7.7
5379 7.7
5378 7.7
5377 7.7
5376 7.7
5375 7.8
5374 7.7
5373 7.7
5372 7.8
5371 7.8
5370 7.8
5369 7.7
5368 7.8
5367 7.8
5366 7.8
5365 7.8
5364 7.7
5363 7.7
5362 7.7
5361 7.8
5360 7.7
5359 7.7
5358 7.8
5357 7.8
5356 7.8
5355 7.8
5354 7.7
5353 7.8
5352 7.8
5351 7.7
5350 7.8
5349 7.8
5348 7.9
5347 7.8
5346 7.9
5345 7.8
5344 7.8
5343 7.8
5342 7.8
5341 7.9
5340 7.8
5339 7.9
5338 7.8
5337 7.8
5336 7.9
5335 7.9
5334 7.8
5333 7.9
5332 7.8
5331 7.9
5330 7.8
5329 7.9
5328 7.9
5327 7.9
5326 7.9
5325 7.9
5324 7.9
5323 7.9
5322 7.8
5321 7.9
5320 7.9
5319 7.9
5318 7.9
5317 7.9
5316 8
5315 8
5314 8
5313 8
5312 7.9
5311 7.9
5310 7.9
5309 7.9
5308 8
5307 7.9
5306 7.9
5305 7.9
5304 7.8
5303 8
5302 7.9
5301 7.9
5300 7.9
5299 8
5298 7.9
5297 8
5296 8
5295 8
5294 8
5293 8
5292 8.1
5291 8.1
5290 8
5289 8.1
5288 8
5287 8
5286 8.1
5285 8.1
5284 8
5283 8
5282 8
5281 8.1
5280 8
5279 8
5278 8
5277 8
5276 8
5275 8.1
5274 8.1
5273 8.1
5272 8
5271 8.1
5270 8
5269 8
5268 8.1
5267 8
5266 8
5265 8.1
5264 8.1
5263 8.1
5262 8.1
5261 8.1
5260 8
5259 8.1
5258 8
5257 8.1
5256 8.1
5255 8.1
5254 8
5253 8.1
5252 8.1
5251 8.1
5250 8.1
5249 8.1
5248 8.1
5247 8.2
5246 8.2
5245 8.1
5244 8.2
5243 8.1
5242 8.2
5241 8.1
5240 8.2
5239 8.1
5238 8.2
5237 8.1
5236 8.1
5235 8.1
5234 8.1
5233 8.1
5232 8.2
5231 8.1
5230 8.2
5229 8.2
5228 8.2
5227 8.2
5226 8.2
5225 8.2
5224 8.3
5223 8.2
5222 8.2
5221 8.2
5220 8.2
5219 8.2
5218 8.2
5217 8.1
5216 8.2
5215 8.2
5214 8.2
5213 8.2
5212 8.2
5211 8.2
5210 8.2
5209 8.2
5208 8.2
5207 8.2
5206 8.2
5205 8.2
5204 8.1
5203 8.2
5202 8.2
5201 8.1
5200 8.2
5199 8.3
5198 8.2
5197 8.2
5196 8.2
5195 8.3
5194 8.3
5193 8.3
5192 8.3
5191 8.3
5190 8.3
5189 8.3
5188 8.3
5187 8.3
5186 8.3
5185 8.3
5184 8.3
5183 8.3
5182 8.3
5181 8.3
5180 8.3
5179 8.3
5178 8.2
5177 8.3
5176 8.3
5175 8.3
5174 8.3
5173 8.4
5172 8.3
5171 8.3
5170 8.3
5169 8.3
5168 8.3
5167 8.3
5166 8.3
5165 8.3
5164 8.3
5163 8.4
5162 8.3
5161 8.3
5160 8.3
5159 8.4
5158 8.3
5157 8.4
5156 8.3
5155 8.3
5154 8.4
5153 8.4
5152 8.3
5151 8.3
5150 8.3
5149 8.4
5148 8.4
5147 8.4
5146 8.4
5145 8.4
5144 8.3
5143 8.4
5142 8.4
5141 8.4
5140 8.4
5139 8.4
5138 8.4
5137 8.4
5136 8.4
5135 8.4
5134 8.4
5133 8.4
5132 8.5
5131 8.5
5130 8.4
5129 8.5
5128 8.4
5127 8.5
5126 8.4
5125 8.5
5124 8.5
5123 8.4
5122 8.4
5121 8.4
5120 8.4
5119 8.5
5118 8.4
5117 8.5
5116 8.5
5115 8.5
5114 8.5
5113 8.5
5112 8.5
5111 8.5
5110 8.5
5109 8.5
5108 8.5
5107 8.5
5106 8.5
5105 8.5
5104 8.4
5103 8.5
5102 8.5
5101 8.5
5100 8.5
5099 8.5
5098 8.5
5097 8.5
5096 8.6
5095 8.6
5094 8.5
5093 8.5
5092 8.6
5091 8.6
5090 8.6
5089 8.6
5088 8.5
5087 8.6
5086 8.6
5085 8.6
5084 8.6
5083 8.6
5082 8.6
5081 8.5
5080 8.6
5079 8.6
5078 8.5
5077 8.5
5076 8.6
5075 8.6
5074 8.6
5073 8.6
5072 8.6
5071 8.6
5070 8.6
5069 8.6
5068 8.6
5067 8.6
5066 8.6
5065 8.5
5064 8.5
5063 8.5
5062 8.6
5061 8.6
5060 8.5
5059 8.6
5058 8.6
5057 8.6
5056 8.6
5055 8.6
5054 8.6
5053 8.6
5052 8.6
5051 8.5
5050 8.6
5049 8.6
5048 8.6
5047 8.7
5046 8.7
5045 8.7
5044 8.6
5043 8.7
5042 8.6
5041 8.6
5040 8.7
5039 8.6
5038 8.7
5037 8.7
5036 8.6
5035 8.7
5034 8.7
5033 8.7
5032 8.6
5031 8.7
5030 8.7
5029 8.7
5028 8.7
5027 8.7
5026 8.7
5025 8.7
5024 8.6
5023 8.7
5022 8.7
5021 8.7
5020 8.7
5019 8.7
5018 8.7
5017 8.7
5016 8.6
5015 8.7
5014 8.7
5013 8.7
5012 8.7
5011 8.7
5010 8.7
5009 8.7
5008 8.8
5007 8.7
5006 8.7
5005 8.6
5004 8.7
5003 8.7
5002 8.7
5001 8.7
5000 8.8
4999 8.7
4998 8.7
4997 8.7
4996 8.7
4995 8.8
4994 8.8
4993 8.8
4992 8.8
4991 8.8
4990 8.8
4989 8.8
4988 8.8
4987 8.8
4986 8.8
4985 8.8
4984 8.8
4983 8.8
4982 8.8
4981 8.8
4980 8.8
4979 8.7
4978 8.8
4977 8.8
4976 8.8
4975 8.8
4974 8.8
4973 8.8
4972 8.8
4971 8.8
4970 8.9
4969 8.8
4968 8.8
4967 8.8
4966 8.8
4965 8.8
4964 8.8
4963 8.8
4962 8.8
4961 8.8
4960 8.8
4959 8.8
4958 8.8
4957 8.8
4956 8.8
4955 8.8
4954 8.8
4953 8.8
4952 8.8
4951 8.7
4950 8.8
4949 8.8
4948 8.8
4947 8.9
4946 8.9
4945 8.9
4944 8.8
4943 8.8
4942 8.8
4941 8.9
4940 8.9
4939 8.9
4938 8.9
4937 9
4936 9
4935 9
4934 9
4933 8.9
4932 8.9
4931 9
4930 9
4929 9
4928 9
4927 9
4926 9
4925 9.1
4924 9
4923 9
4922 9
4921 9
4920 9
4919 9
4918 9
4917 9
4916 9.1
4915 9
4914 9.1
4913 9.1
4912 9.1
4911 9.1
4910 9
4909 9.1
4908 9.1
4907 9.1
4906 9.1
4905 9.1
4904 9.1
4903 9.1
4902 9.1
4901 9.1
4900 9.1
4899 9.1
4898 9.2
4897 9.2
4896 9.1
4895 9.2
4894 9.3
4893 9.3
4892 9.3
4891 9.3
4890 9.3
4889 9.3
4888 9.3
4887 9.3
4886 9.3
4885 9.3
4884 9.3
4883 9.3
4882 9.3
4881 9.3
4880 9.3
4879 9.3
4878 9.3
4877 9.4
4876 9.3
4875 9.4
4874 9.4
4873 9.4
4872 9.4
4871 9.4
4870 9.4
4869 9.5
4868 9.4
4867 9.4
4866 9.5
4865 9.4
4864 9.4
4863 9.5
4862 9.4
4861 9.4
4860 9.5
4859 9.4
4858 9.4
4857 9.4
4856 9.5
4855 9.5
4854 9.5
4853 9.5
4852 9.5
4851 9.5
4850 9.5
4849 9.6
4848 9.5
4847 9.6
4846 9.6
4845 9.6
4844 9.6
4843 9.5
4842 9.6
4841 9.6
4840 9.7
4839 9.7
4838 9.6
4837 9.7
4836 9.7
4835 9.7
4834 9.7
4833 9.7
4832 9.7
4831 9.7
4830 9.8
4829 9.8
4828 9.7
4827 9.7
4826 9.8
4825 9.8
4824 9.8
4823 9.8
4822 9.7
4821 9.8
4820 9.8
4819 9.8
4818 9.8
4817 9.8
4816 9.9
4815 9.8
4814 9.8
4813 9.9
4812 9.8
4811 9.8
4810 9.9
4809 9.8
4808 9.8
4807 9.9
4806 9.9
4805 9.9
4804 9.8
4803 9.9
4802 9.9
4801 9.9
4800 9.9
4799 9.9
4798 10
4797 10
4796 10
4795 10
4794 10.1
4793 10.1
4792 10.1
4791 10.1
4790 10
4789 10.1
4788 10.1
4787 10.1
4786 10.1
4785 10.1
4784 10.1
4783 10.2
4782 10.2
4781 10.1
4780 10.2
4779 10.1
4778 10.1
4777 10.2
4776 10.2
4775 10.2
4774 10.2
4773 10.2
4772 10.2
4771 10.2
4770 10.2
4769 10.3
4768 10.2
4767 10.2
4766 10.3
4765 10.3
4764 10.3
4763 10.3
4762 10.3
4761 10.2
4760 10.3
4759 10.2
4758 10.2
4757 10.3
4756 10.3
4755 10.3
4754 10.3
4753 10.4
4752 10.4
4751 10.4
4750 10.4
4749 10.4
4748 10.4
4747 10.5
4746 10.5
4745 10.5
4744 10.5
4743 10.5
4742 10.5
4741 10.5
4740 10.5
4739 10.5
4738 10.5
4737 10.5
4736 10.6
4735 10.5
4734 10.6
4733 10.5
4732 10.6
4731 10.6
4730 10.6
4729 10.6
4728 10.7
4727 10.7
4726 10.7
4725 10.6
4724 10.6
4723 10.7
4722 10.7
4721 10.6
4720 10.7
4719 10.6
4718 10.7
4717 10.6
4716 10.7
4715 10.7
4714 10.7
4713 10.7
4712 10.8
4711 10.7
4710 10.7
4709 10.8
4708 10.7
4707 10.7
4706 10.8
4705 10.7
4704 10.8
4703 10.8
4702 10.8
4701 10.8
4700 10.8
4699 10.8
4698 10.8
4697 10.9
4696 10.9
4695 11
4694 11
4693 11
4692 10.9
4691 11
4690 11
4689 11
4688 11
4687 11.1
4686 11
4685 11
4684 11
4683 11.1
4682 11
4681 11.1
4680 11
4679 11.1
4678 11.1
4677 11.1
4676 11.1
4675 11.1
4674 11.1
4673 11.1
4672 11.1
4671 11.1
4670 11.2
4669 11.1
4668 11.1
4667 11.2
4666 11.2
4665 11.2
4664 11.1
4663 11.1
4662 11.2
4661 11.2
4660 11.2
4659 11.2
4658 11.2
4657 11.2
4656 11.2
4655 11.2
4654 11.2
4653 11.2
4652 11.3
4651 11.3
4650 11.3
4649 11.3
4648 11.3
4647 11.4
4646 11.4
4645 11.4
4644 11.4
4643 11.4
4642 11.4
4641 11.4
4640 11.5
4639 11.5
4638 11.4
4637 11.5
4636 11.4
4635 11.4
4634 11.5
4633 11.5
4632 11.5
4631 11.5
4630 11.6
4629 11.6
4628 11.6
4627 11.6
4626 11.6
4625 11.6
4624 11.5
4623 11.6
4622 11.6
4621 11.6
4620 11.6
4619 11.6
4618 11.6
4617 11.6
4616 11.6
4615 11.7
4614 11.6
4613 11.7
4612 11.7
4611 11.7
4610 11.7
4609 11.8
4608 11.7
4607 11.7
4606 11.7
4605 11.7
4604 11.6
4603 11.7
4602 11.7
4601 11.8
4600 11.8
4599 11.8
4598 11.8
4597 11.9
4596 11.9
4595 11.9
4594 11.9
4593 12
4592 12
4591 12
4590 12
4589 12
4588 12
4587 12
4586 12
4585 12
4584 12
4583 12
4582 12
4581 12
4580 12
4579 12
4578 12
4577 12.1
4576 12
4575 12.1
4574 12.1
4573 12.1
4572 12.1
4571 12.2
4570 12.1
4569 12.1
4568 12.1
4567 12.1
4566 12.1
4565 12.1
4564 12.2
4563 12.2
4562 12.1
4561 12.2
4560 12.2
4559 12.2
4558 12.1
4557 12.2
4556 12.2
4555 12.3
4554 12.3
4553 12.3
4552 12.2
4551 12.3
4550 12.3
4549 12.3
4548 12.3
4547 12.4
4546 12.4
4545 12.4
4544 12.3
4543 12.4
4542 12.4
4541 12.4
4540 12.4
4539 12.4
4538 12.4
4537 12.4
4536 12.5
4535 12.4
4534 12.4
4533 12.5
4532 12.5
4531 12.5
4530 12.6
4529 12.6
4528 12.6
4527 12.6
4526 12.6
4525 12.6
4524 12.6
4523 12.6
4522 12.6
4521 12.6
4520 12.6
4519 12.6
4518 12.5
4517 12.6
4516 12.6
4515 12.7
4514 12.7
4513 12.7
4512 12.7
4511 12.7
4510 12.7
4509 12.7
4508 12.7
4507 12.7
4506 12.7
4505 12.6
4504 12.7
4503 12.7
4502 12.7
4501 12.7
4500 12.8
4499 12.8
4498 12.8
4497 12.8
4496 12.8
4495 12.9
4494 12.9
4493 12.9
4492 13
4491 12.9
4490 12.9
4489 13
4488 12.9
4487 13
4486 13
4485 13
4484 13
4483 13
4482 13
4481 13
4480 13
4479 13.1
4478 13
4477 13
4476 13.1
4475 13.1
4474 13.1
4473 13
4472 13.1
4471 13.1
4470 13.1
4469 13.1
4468 13.2
4467 13.2
4466 13.2
4465 13.1
4464 13.1
4463 13.2
4462 13.1
4461 13.2
4460 13.2
4459 13.1
4458 13.1
4457 13.2
4456 13.2
4455 13.2
4454 13.2
4453 13.3
4452 13.3
4451 13.3
4450 13.3
4449 13.3
4448 13.4
4447 13.4
4446 13.4
4445 13.4
4444 13.4
4443 13.4
4442 13.4
4441 13.4
4440 13.4
4439 13.4
4438 13.4
4437 13.5
4436 13.4
4435 13.4
4434 13.5
4433 13.5
4432 13.5
4431 13.5
4430 13.5
4429 13.6
4428 13.6
4427 13.5
4426 13.6
4425 13.6
4424 13.5
4423 13.6
4422 13.6
4421 13.6
4420 13.6
4419 13.5
4418 13.6
4417 13.6
4416 13.6
4415 13.7
4414 13.7
4413 13.7
4412 13.7
4411 13.6
4410 13.7
4409 13.7
4408 13.6
4407 13.7
4406 13.7
4405 13.6
4404 13.6
4403 13.7
4402 13.7
4401 13.7
4400 13.7
4399 13.8
4398 13.7
4397 13.9
4396 13.8
4395 13.9
4394 13.9
4393 13.9
4392 13.9
4391 13.9
4390 13.9
4389 14
4388 14
4387 14
4386 14
4385 14
4384 14
4383 14
4382 14
4381 14
4380 14
4379 14
4378 13.9
4377 14
4376 14
4375 14
4374 14
4373 14
4372 14.1
4371 14.1
4370 14.1
4369 14.2
4368 14.1
4367 14.1
4366 14.1
4365 14.1
4364 14.1
4363 14.1
4362 14.2
4361 14.2
4360 14.1
4359 14.2
4358 14.1
4357 14.1
4356 14.2
4355 14.1
4354 14.2
4353 14.2
4352 14.3
4351 14.2
4350 14.3
4349 14.2
4348 14.2
4347 14.4
4346 14.3
4345 14.3
4344 14.3
4343 14.3
4342 14.4
4341 14.3
4340 14.3
4339 14.4
4338 14.4
4337 14.4
4336 14.4
4335 14.4
4334 14.4
4333 14.4
4332 14.5
4331 14.4
4330 14.5
4329 14.4
4328 14.4
4327 14.5
4326 14.5
4325 14.5
4324 14.5
4323 14.5
4322 14.5
4321 14.5
4320 14.5
4319 14.6
4318 14.5
4317 14.5
4316 14.5
4315 14.6
4314 14.5
4313 14.6
4312 14.6
4311 14.5
4310 14.6
4309 14.6
4308 14.5
4307 14.5
4306 14.5
4305 14.5
4304 14.6
4303 14.5
4302 14.5
4301 14.6
4300 14.7
4299 14.7
4298 14.7
4297 14.7
4296 14.7
4295 14.8
4294 14.8
4293 14.8
4292 14.8
4291 14.8
4290 14.8
4289 14.9
4288 14.9
4287 14.9
4286 14.9
4285 14.9
4284 14.8
4283 14.9
4282 14.9
4281 14.9
4280 14.9
4279 14.9
4278 14.8
4277 14.9
4276 14.9
4275 14.9
4274 15
4273 15
4272 15
4271 14.9
4270 14.9
4269 14.9
4268 15
4267 15
4266 15
4265 15
4264 15
4263 15
4262 15
4261 15
4260 14.9
4259 14.9
4258 15
4257 15
4256 15
4255 15.1
4254 15.1
4253 15
4252 15
4251 15.1
4250 15.1
4249 15.1
4248 15.1
4247 15.1
4246 15.1
4245 15.1
4244 15.1
4243 15.1
4242 15.1
4241 15.2
4240 15.2
4239 15.2
4238 15.2
4237 15.2
4236 15.2
4235 15.1
4234 15.3
4233 15.3
4232 15.2
4231 15.2
4230 15.3
4229 15.3
4228 15.2
4227 15.3
4226 15.3
4225 15.3
4224 15.3
4223 15.2
4222 15.3
4221 15.3
4220 15.2
4219 15.3
4218 15.3
4217 15.3
4216 15.3
4215 15.3
4214 15.3
4213 15.3
4212 15.4
4211 15.3
4210 15.4
4209 15.3
4208 15.4
4207 15.3
4206 15.3
4205 15.3
4204 15.3
4203 15.3
4202 15.3
4201 15.3
4200 15.4
4199 15.5
4198 15.5
4197 15.5
4196 15.5
4195 15.5
4194 15.5
4193 15.5
4192 15.6
4191 15.6
4190 15.6
4189 15.6
4188 15.6
4187 15.6
4186 15.7
4185 15.6
4184 15.6
4183 15.6
4182 15.7
4181 15.7
4180 15.7
4179 15.6
4178 15.7
4177 15.7
4176 15.6
4175 15.7
4174 15.7
4173 15.7
4172 15.7
4171 15.8
4170 15.7
4169 15.7
4168 15.8
4167 15.7
4166 15.7
4165 15.7
4164 15.7
4163 15.8
4162 15.7
4161 15.8
4160 15.7
4159 15.7
4158 15.7
4157 15.8
4156 15.7
4155 15.8
4154 15.8
4153 15.8
4152 15.8
4151 15.7
4150 15.8
4149 15.9
4148 15.8
4147 15.9
4146 15.9
4145 15.9
4144 15.9
4143 15.9
4142 15.9
4141 15.9
4140 16
4139 16
4138 15.9
4137 16
4136 15.9
4135 15.9
4134 16
4133 16
4132 16
4131 16
4130 16
4129 16
4128 16
4127 16.1
4126 16
4125 16
4124 16
4123 16.1
4122 16
4121 16.1
4120 16.1
4119 16
4118 16
4117 16
4116 16.1
4115 16.1
4114 16.1
4113 16.1
4112 16.1
4111 16.1
4110 16.1
4109 16.2
4108 16.1
4107 16.1
4106 16.1
4105 16
4104 16
4103 16.1
4102 16.1
4101 16.1
4100 16.1
4099 16.2
4098 16.2
4097 16.2
4096 16.2
4095 16.2
4094 16.3
4093 16.3
4092 16.4
4091 16.3
4090 16.3
4089 16.4
4088 16.3
4087 16.4
4086 16.4
4085 16.3
4084 16.3
4083 16.4
4082 16.4
4081 16.4
4080 16.4
4079 16.4
4078 16.3
4077 16.4
4076 16.3
4075 16.4
4074 16.4
4073 16.4
4072 16.4
4071 16.4
4070 16.5
4069 16.5
4068 16.5
4067 16.5
4066 16.5
4065 16.5
4064 16.5
4063 16.4
4062 16.4
4061 16.5
4060 16.5
4059 16.5
4058 16.5
4057 16.4
4056 16.5
4055 16.5
4054 16.5
4053 16.5
4052 16.5
4051 16.5
4050 16.5
4049 16.6
4048 16.5
4047 16.7
4046 16.6
4045 16.6
4044 16.6
4043 16.6
4042 16.6
4041 16.7
4040 16.7
4039 16.7
4038 16.7
4037 16.7
4036 16.7
4035 16.6
4034 16.7
4033 16.7
4032 16.7
4031 16.7
4030 16.7
4029 16.7
4028 16.7
4027 16.7
4026 16.8
4025 16.7
4024 16.7
4023 16.7
4022 16.7
4021 16.7
4020 16.7
4019 16.7
4018 16.7
4017 16.7
4016 16.7
4015 16.7
4014 16.8
4013 16.8
4012 16.7
4011 16.7
4010 16.8
4009 16.8
4008 16.7
4007 16.8
4006 16.7
4005 16.7
4004 16.6
4003 16.7
4002 16.7
4001 16.8
4000 16.8
3999 16.8
3998 16.8
3997 16.8
3996 16.9
3995 16.9
3994 17
3993 16.9
3992 16.9
3991 17
3990 17
3989 17
3988 17
3987 17.1
3986 17
3985 17
3984 17
3983 17
3982 17
3981 17
3980 17.1
3979 17
3978 17
3977 17
3976 17
3975 17.1
3974 17
3973 17.1
3972 17.1
3971 17.1
3970 17.1
3969 17.1
3968 17.1
3967 17.1
3966 17.1
3965 17.1
3964 17
3963 17.1
3962 17.1
3961 17.1
3960 17.1
3959 17.1
3958 17
3957 17.1
3956 17.1
3955 17.1
3954 17.1
3953 17.1
3952 17.1
3951 17.1
3950 17.2
3949 17.2
3948 17.2
3947 17.2
3946 17.2
3945 17.3
3944 17.2
3943 17.2
3942 17.2
3941 17.3
3940 17.3
3939 17.3
3938 17.3
3937 17.3
3936 17.3
3935 17.3
3934 17.3
3933 17.4
3932 17.3
3931 17.3
3930 17.4
3929 17.4
3928 17.4
3927 17.4
3926 17.4
3925 17.3
3924 17.4
3923 17.4
3922 17.3
3921 17.4
3920 17.3
3919 17.4
3918 17.4
3917 17.4
3916 17.4
3915 17.5
3914 17.4
3913 17.4
3912 17.4
3911 17.4
3910 17.4
3909 17.4
3908 17.4
3907 17.5
3906 17.4
3905 17.3
3904 17.4
3903 17.4
3902 17.4
3901 17.5
3900 17.5
3899 17.5
3898 17.5
3897 17.6
3896 17.5
3895 17.6
3894 17.6
3893 17.7
3892 17.7
3891 17.7
3890 17.7
3889 17.7
3888 17.7
3887 17.7
3886 17.7
3885 17.8
3884 17.8
3883 17.8
3882 17.7
3881 17.7
3880 17.8
3879 17.8
3878 17.7
3877 17.7
3876 17.7
3875 17.8
3874 17.8
3873 17.8
3872 17.8
3871 17.8
3870 17.8
3869 17.9
3868 17.8
3867 17.8
3866 17.9
3865 17.8
3864 17.9
3863 17.9
3862 17.8
3861 17.8
3860 17.8
3859 17.8
3858 17.8
3857 17.9
3856 17.9
3855 17.9
3854 17.9
3853 17.9
3852 17.9
3851 18
3850 18
3849 18
3848 18
3847 18
3846 18
3845 18.1
3844 18
3843 18
3842 18
3841 18
3840 18
3839 18.1
3838 18.1
3837 18.1
3836 18
3835 18.1
3834 18.1
3833 18.1
3832 18.1
3831 18.2
3830 18.1
3829 18.1
3828 18.2
3827 18.2
3826 18.1
3825 18.2
3824 18.1
3823 18.2
3822 18.1
3821 18.2
3820 18.1
3819 18.2
3818 18.2
3817 18.1
3816 18.1
3815 18.2
3814 18.2
3813 18.2
3812 18.2
3811 18.2
3810 18.2
3809 18.2
3808 18.2
3807 18.2
3806 18.2
3805 18.1
3804 18.1
3803 18.2
3802 18.2
3801 18.2
3800 18.2
3799 18.3
3798 18.3
3797 18.4
3796 18.3
3795 18.4
3794 18.4
3793 18.4
3792 18.5
3791 18.4
3790 18.5
3789 18.5
3788 18.5
3787 18.5
3786 18.5
3785 18.5
3784 18.5
3783 18.5
3782 18.5
3781 18.5
3780 18.5
3779 18.5
3778 18.5
3777 18.5
3776 18.5
3775 18.6
3774 18.5
3773 18.6
3772 18.5
3771 18.6
3770 18.6
3769 18.7
3768 18.6
3767 18.6
3766 18.6
3765 18.5
3764 18.6
3763 18.6
3762 18.6
3761 18.6
3760 18.6
3759 18.6
3758 18.6
3757 18.6
3756 18.6
3755 18.6
3754 18.7
3753 18.7
3752 18.7
3751 18.7
3750 18.7
3749 18.7
3748 18.7
3747 18.8
3746 18.8
3745 18.8
3744 18.8
3743 18.7
3742 18.7
3741 18.8
3740 18.8
3739 18.8
3738 18.9
3737 18.8
3736 18.8
3735 18.8
3734 18.8
3733 18.8
3732 18.9
3731 18.9
3730 18.9
3729 18.9
3728 18.9
3727 18.9
3726 18.9
3725 18.9
3724 18.9
3723 18.8
3722 18.9
3721 18.9
3720 18.8
3719 18.9
3718 18.9
3717 18.9
3716 18.9
3715 18.9
3714 18.9
3713 18.9
3712 18.9
3711 18.9
3710 18.9
3709 18.9
3708 19
3707 18.9
3706 18.9
3705 18.9
3704 18.9
3703 18.9
3702 18.9
3701 18.9
3700 19
3699 19
3698 19
3697 19.1
3696 19.1
3695 19.1
3694 19.2
3693 19.2
3692 19.2
3691 19.2
3690 19.2
3689 19.2
3688 19.1
3687 19.2
3686 19.2
3685 19.2
3684 19.3
3683 19.2
3682 19.3
3681 19.2
3680 19.2
3679 19.2
3678 19.2
3677 19.2
3676 19.2
3675 19.3
3674 19.2
3673 19.2
3672 19.2
3671 19.3
3670 19.3
3669 19.3
3668 19.3
3667 19.3
3666 19.3
3665 19.3
3664 19.3
3663 19.4
3662 19.3
3661 19.3
3660 19.3
3659 19.3
3658 19.3
3657 19.3
3656 19.3
3655 19.4
3654 19.4
3653 19.4
3652 19.4
3651 19.4
3650 19.4
3649 19.4
3648 19.4
3647 19.5
3646 19.5
3645 19.5
3644 19.4
3643 19.5
3642 19.4
3641 19.5
3640 19.5
3639 19.5
3638 19.5
3637 19.5
3636 19.5
3635 19.5
3634 19.5
3633 19.5
3632 19.6
3631 19.5
3630 19.5
3629 19.5
3628 19.6
3627 19.6
3626 19.6
3625 19.6
3624 19.6
3623 19.6
3622 19.5
3621 19.5
3620 19.6
3619 19.6
3618 19.6
3617 19.5
3616 19.6
3615 19.6
3614 19.7
3613 19.6
3612 19.6
3611 19.5
3610 19.7
3609 19.6
3608 19.7
3607 19.6
3606 19.6
3605 19.6
3604 19.5
3603 19.6
3602 19.6
3601 19.6
3600 19.6
3599 19.8
3598 19.8
3597 19.8
3596 19.8
3595 19.8
3594 19.8
3593 19.8
3592 19.9
3591 19.9
3590 19.9
3589 19.9
3588 19.9
3587 19.9
3586 19.9
3585 19.9
3584 19.9
3583 20
3582 19.9
3581 19.9
3580 20
3579 19.9
3578 19.8
3577 20
3576 19.9
3575 19.9
3574 20
3573 19.9
3572 20
3571 20
3570 20
3569 20.1
3568 20
3567 20
3566 20.1
3565 20
3564 20.1
3563 20
3562 20
3561 20
3560 20
3559 20
3558 20
3557 20
3556 20
3555 20.1
3554 20
3553 20.1
3552 20.1
3551 20.1
3550 20.1
3549 20.1
3548 20.1
3547 20.2
3546 20.1
3545 20.1
3544 20.2
3543 20.2
3542 20.2
3541 20.2
3540 20.2
3539 20.2
3538 20.2
3537 20.2
3536 20.2
3535 20.2
3534 20.3
3533 20.2
3532 20.3
3531 20.3
3530 20.3
3529 20.3
3528 20.3
3527 20.3
3526 20.3
3525 20.3
3524 20.3
3523 20.2
3522 20.3
3521 20.2
3520 20.2
3519 20.2
3518 20.2
3517 20.2
3516 20.3
3515 20.3
3514 20.3
3513 20.3
3512 20.3
3511 20.3
3510 20.3
3509 20.3
3508 20.3
3507 20.3
3506 20.3
3505 20.2
3504 20.2
3503 20.3
3502 20.2
3501 20.3
3500 20.4
3499 20.4
3498 20.4
3497 20.4
3496 20.4
3495 20.5
3494 20.5
3493 20.5
3492 20.6
3491 20.5
3490 20.5
3489 20.6
3488 20.5
3487 20.5
3486 20.6
3485 20.6
3484 20.6
3483 20.6
3482 20.6
3481 20.6
3480 20.5
3479 20.5
3478 20.5
3477 20.6
3476 20.6
3475 20.6
3474 20.6
3473 20.6
3472 20.6
3471 20.6
3470 20.6
3469 20.7
3468 20.6
3467 20.7
3466 20.7
3465 20.7
3464 20.7
3463 20.7
3462 20.7
3461 20.7
3460 20.6
3459 20.6
3458 20.7
3457 20.6
3456 20.6
3455 20.6
3454 20.7
3453 20.7
3452 20.7
3451 20.7
3450 20.7
3449 20.8
3448 20.7
3447 20.8
3446 20.8
3445 20.8
3444 20.7
3443 20.8
3442 20.8
3441 20.9
3440 20.9
3439 20.8
3438 20.8
3437 20.9
3436 20.9
3435 20.9
3434 20.9
3433 20.9
3432 20.9
3431 20.9
3430 20.9
3429 20.9
3428 20.8
3427 20.9
3426 21
3425 20.9
3424 20.9
3423 20.9
3422 20.8
3421 20.9
3420 20.9
3419 20.9
3418 20.9
3417 20.8
3416 20.8
3415 20.9
3414 20.9
3413 20.9
3412 20.9
3411 20.9
3410 20.9
3409 21
3408 20.9
3407 20.9
3406 20.8
3405 20.9
3404 20.8
3403 20.9
3402 20.8
3401 20.9
3400 20.9
3399 21
3398 21
3397 21.1
3396 21.1
3395 21.1
3394 21.1
3393 21.2
3392 21.2
3391 21.2
3390 21.2
3389 21.1
3388 21.1
3387 21.1
3386 21.2
3385 21.2
3384 21.2
3383 21.2
3382 21.2
3381 21.2
3380 21.2
3379 21.1
3378 21.1
3377 21.2
3376 21.2
3375 21.2
3374 21.3
3373 21.2
3372 21.2
3371 21.2
3370 21.2
3369 21.3
3368 21.3
3367 21.2
3366 21.4
3365 21.3
3364 21.3
3363 21.3
3362 21.3
3361 21.3
3360 21.2
3359 21.2
3358 21.2
3357 21.3
3356 21.2
3355 21.3
3354 21.3
3353 21.3
3352 21.3
3351 21.3
3350 21.4
3349 21.4
3348 21.3
3347 21.5
3346 21.4
3345 21.4
3344 21.4
3343 21.4
3342 21.4
3341 21.5
3340 21.5
3339 21.4
3338 21.5
3337 21.5
3336 21.4
3335 21.4
3334 21.6
3333 21.5
3332 21.5
3331 21.5
3330 21.5
3329 21.5
3328 21.5
3327 21.5
3326 21.6
3325 21.5
3324 21.5
3323 21.5
3322 21.5
3321 21.5
3320 21.5
3319 21.5
3318 21.5
3317 21.5
3316 21.5
3315 21.6
3314 21.5
3313 21.5
3312 21.5
3311 21.5
3310 21.5
3309 21.5
3308 21.5
3307 21.5
3306 21.4
3305 21.5
3304 21.4
3303 21.4
3302 21.5
3301 21.5
3300 21.6
3299 21.6
3298 21.6
3297 21.7
3296 21.7
3295 21.7
3294 21.7
3293 21.7
3292 21.7
3291 21.8
3290 21.8
3289 21.8
3288 21.8
3287 21.8
3286 21.8
3285 21.8
3284 21.7
3283 21.8
3282 21.8
3281 21.8
3280 21.8
3279 21.8
3278 21.8
3277 21.8
3276 21.8
3275 21.8
3274 21.8
3273 21.8
3272 21.9
3271 21.8
3270 21.8
3269 21.9
3268 21.9
3267 21.9
3266 21.9
3265 21.9
3264 21.8
3263 21.9
3262 21.8
3261 21.9
3260 21.9
3259 21.8
3258 21.8
3257 21.8
3256 21.8
3255 21.9
3254 21.8
3253 21.9
3252 21.9
3251 21.8
3250 21.9
3249 22
3248 21.9
3247 22
3246 22
3245 22
3244 21.9
3243 22
3242 22
3241 22.1
3240 22.1
3239 22
3238 22
3237 22.1
3236 22.1
3235 22
3234 22.1
3233 22.1
3232 22
3231 22
3230 22.2
3229 22.1
3228 22
3227 22.1
3226 22.1
3225 22.1
3224 22.1
3223 22
3222 22.1
3221 22
3220 22.1
3219 22.1
3218 22
3217 22
3216 22.1
3215 22.1
3214 22.1
3213 22.1
3212 22.1
3211 22.1
3210 22.1
3209 22.1
3208 22.1
3207 22.1
3206 22
3205 22
3204 22
3203 22.1
3202 22
3201 22
3200 22.1
3199 22.2
3198 22.2
3197 22.2
3196 22.2
3195 22.3
3194 22.3
3193 22.3
3192 22.4
3191 22.4
3190 22.4
3189 22.3
3188 22.3
3187 22.4
3186 22.3
3185 22.3
3184 22.4
3183 22.3
3182 22.3
3181 22.4
3180 22.3
3179 22.4
3178 22.3
3177 22.4
3176 22.3
3175 22.4
3174 22.4
3173 22.4
3172 22.4
3171 22.4
3170 22.4
3169 22.4
3168 22.4
3167 22.4
3166 22.5
3165 22.5
3164 22.4
3163 22.5
3162 22.4
3161 22.4
3160 22.4
3159 22.4
3158 22.4
3157 22.3
3156 22.3
3155 22.4
3154 22.4
3153 22.4
3152 22.5
3151 22.4
3150 22.5
3149 22.6
3148 22.5
3147 22.6
3146 22.5
3145 22.5
3144 22.5
3143 22.6
3142 22.6
3141 22.6
3140 22.6
3139 22.7
3138 22.6
3137 22.7
3136 22.6
3135 22.6
3134 22.6
3133 22.6
3132 22.6
3131 22.6
3130 22.6
3129 22.7
3128 22.6
3127 22.7
3126 22.7
3125 22.6
3124 22.6
3123 22.6
3122 22.6
3121 22.7
3120 22.6
3119 22.6
3118 22.6
3117 22.5
3116 22.6
3115 22.6
3114 22.6
3113 22.7
3112 22.7
3111 22.6
3110 22.6
3109 22.6
3108 22.6
3107 22.6
3106 22.6
3105 22.5
3104 22.5
3103 22.5
3102 22.5
3101 22.6
3100 22.6
3099 22.7
3098 22.7
3097 22.7
3096 22.8
3095 22.9
3094 22.8
3093 22.9
3092 22.9
3091 22.8
3090 22.9
3089 22.9
3088 22.9
3087 22.9
3086 22.9
3085 22.9
3084 22.9
3083 22.9
3082 22.9
3081 22.9
3080 22.9
3079 22.9
3078 22.8
3077 22.8
3076 22.9
3075 23
3074 22.9
3073 22.9
3072 22.9
3071 22.9
3070 22.9
3069 23
3068 22.9
3067 23
3066 23
3065 23
3064 22.9
3063 23
3062 23
3061 22.9
3060 22.9
3059 22.9
3058 22.9
3057 22.9
3056 22.9
3055 23
3054 23
3053 23
3052 23
3051 22.9
3050 23
3049 23
3048 23.1
3047 23.1
3046 23.1
3045 23.1
3044 23.1
3043 23.1
3042 23.1
3041 23.1
3040 23.1
3039 23.1
3038 23.1
3037 23.2
3036 23.1
3035 23.1
3034 23.1
3033 23.1
3032 23.2
3031 23.1
3030 23.2
3029 23.2
3028 23.1
3027 23.2
3026 23.2
3025 23.1
3024 23.1
3023 23.1
3022 23.1
3021 23.1
3020 23.1
3019 23.2
3018 23.1
3017 23.1
3016 23.1
3015 23.1
3014 23.1
3013 23.2
3012 23.2
3011 23.1
3010 23.1
3009 23.1
3008 23.1
3007 23.1
3006 23.1
3005 23
3004 23
3003 23.1
3002 23
3001 23
3000 23.2
2999 23.2
2998 23.2
2997 23.2
2996 23.2
2995 23.3
2994 23.3
2993 23.4
2992 23.4
2991 23.5
2990 23.4
2989 23.4
2988 23.4
2987 23.4
2986 23.4
2985 23.5
2984 23.3
2983 23.4
2982 23.4
2981 23.4
2980 23.4
2979 23.4
2978 23.4
2977 23.4
2976 23.4
2975 23.4
2974 23.5
2973 23.5
2972 23.4
2971 23.4
2970 23.4
2969 23.5
2968 23.5
2967 23.4
2966 23.5
2965 23.5
2964 23.5
2963 23.5
2962 23.5
2961 23.4
2960 23.4
2959 23.4
2958 23.4
2957 23.5
2956 23.4
2955 23.4
2954 23.5
2953 23.4
2952 23.5
2951 23.4
2950 23.4
2949 23.6
2948 23.5
2947 23.6
2946 23.6
2945 23.5
2944 23.6
2943 23.6
2942 23.6
2941 23.6
2940 23.7
2939 23.6
2938 23.7
2937 23.7
2936 23.7
2935 23.7
2934 23.8
2933 23.7
2932 23.7
2931 23.7
2930 23.8
2929 23.7
2928 23.7
2927 23.8
2926 23.8
2925 23.8
2924 23.7
2923 23.8
2922 23.7
2921 23.8
2920 23.8
2919 23.8
2918 23.7
2917 23.7
2916 23.8
2915 23.8
2914 23.8
2913 23.8
2912 23.8
2911 23.7
2910 23.8
2909 23.8
2908 23.8
2907 23.7
2906 23.7
2905 23.6
2904 23.6
2903 23.7
2902 23.7
2901 23.7
2900 23.8
2899 23.9
2898 23.9
2897 24
2896 23.9
2895 24
2894 24
2893 24
2892 24.1
2891 24.1
2890 24.1
2889 24.1
2888 24.1
2887 24.1
2886 24.1
2885 24.1
2884 24.1
2883 24.1
2882 24.2
2881 24.1
2880 24.1
2879 24.1
2878 24.1
2877 24.1
2876 24.1
2875 24.2
2874 24.2
2873 24.2
2872 24.2
2871 24.2
2870 24.2
2869 24.3
2868 24.2
2867 24.3
2866 24.3
2865 24.3
2864 24.2
2863 24.3
2862 24.3
2861 24.2
2860 24.2
2859 24.2
2858 24.2
2857 24.2
2856 24.3
2855 24.3
2854 24.3
2853 24.3
2852 24.3
2851 24.3
2850 24.3
2849 24.4
2848 24.4
2847 24.5
2846 24.4
2845 24.5
2844 24.3
2843 24.5
2842 24.4
2841 24.5
2840 24.5
2839 24.5
2838 24.5
2837 24.6
2836 24.5
2835 24.5
2834 24.6
2833 24.5
2832 24.5
2831 24.6
2830 24.6
2829 24.6
2828 24.6
2827 24.6
2826 24.7
2825 24.6
2824 24.5
2823 24.6
2822 24.5
2821 24.6
2820 24.5
2819 24.7
2818 24.6
2817 24.5
2816 24.6
2815 24.6
2814 24.6
2813 24.7
2812 24.6
2811 24.6
2810 24.6
2809 24.7
2808 24.7
2807 24.6
2806 24.5
2805 24.5
2804 24.5
2803 24.6
2802 24.6
2801 24.6
2800 24.7
2799 24.8
2798 24.8
2797 24.8
2796 24.8
2795 24.8
2794 24.9
2793 24.9
2792 25
2791 25
2790 25
2789 24.9
2788 25
2787 24.9
2786 25
2785 25
2784 24.9
2783 25
2782 25
2781 25
2780 25
2779 25
2778 25
2777 25
2776 25
2775 25.1
2774 25.1
2773 25.1
2772 25.1
2771 25.1
2770 25.1
2769 25.2
2768 25.2
2767 25.1
2766 25.2
2765 25.1
2764 25.2
2763 25.1
2762 25.1
2761 25
2760 25.1
2759 25
2758 25
2757 25.1
2756 25.1
2755 25.1
2754 25.1
2753 25.1
2752 25.2
2751 25.2
2750 25.2
2749 25.2
2748 25.3
2747 25.3
2746 25.4
2745 25.3
2744 25.3
2743 25.2
2742 25.3
2741 25.4
2740 25.3
2739 25.4
2738 25.4
2737 25.4
2736 25.4
2735 25.4
2734 25.5
2733 25.5
2732 25.4
2731 25.5
2730 25.5
2729 25.4
2728 25.4
2727 25.5
2726 25.6
2725 25.5
2724 25.5
2723 25.4
2722 25.4
2721 25.4
2720 25.4
2719 25.5
2718 25.5
2717 25.4
2716 25.4
2715 25.4
2714 25.4
2713 25.5
2712 25.4
2711 25.5
2710 25.4
2709 25.4
2708 25.4
2707 25.4
2706 25.4
2705 25.3
2704 25.4
2703 25.4
2702 25.4
2701 25.4
2700 25.6
2699 25.6
2698 25.6
2697 25.6
2696 25.6
2695 25.7
2694 25.8
2693 25.8
2692 25.8
2691 25.8
2690 25.8
2689 25.9
2688 25.8
2687 25.9
2686 25.9
2685 25.9
2684 25.8
2683 25.8
2682 25.9
2681 25.9
2680 25.8
2679 25.8
2678 25.8
2677 25.8
2676 25.8
2675 25.9
2674 25.9
2673 25.9
2672 26
2671 25.9
2670 25.9
2669 26
2668 26
2667 26
2666 26
2665 26
2664 26
2663 26
2662 26
2661 25.9
2660 25.9
2659 26
2658 25.9
2657 26
2656 26
2655 25.9
2654 26.1
2653 26
2652 26.1
2651 26
2650 26
2649 26.1
2648 26.1
2647 26.2
2646 26.2
2645 26.1
2644 26.1
2643 26.2
2642 26.2
2641 26.2
2640 26.2
2639 26.2
2638 26.2
2637 26.3
2636 26.3
2635 26.2
2634 26.3
2633 26.3
2632 26.2
2631 26.2
2630 26.3
2629 26.3
2628 26.3
2627 26.3
2626 26.4
2625 26.3
2624 26.4
2623 26.3
2622 26.3
2621 26.3
2620 26.3
2619 26.4
2618 26.3
2617 26.2
2616 26.2
2615 26.3
2614 26.3
2613 26.3
2612 26.4
2611 26.2
2610 26.3
2609 26.3
2608 26.3
2607 26.3
2606 26.2
2605 26.1
2604 26.2
2603 26.2
2602 26.2
2601 26.3
2600 26.3
2599 26.4
2598 26.5
2597 26.6
2596 26.5
2595 26.6
2594 26.7
2593 26.7
2592 26.7
2591 26.7
2590 26.7
2589 26.7
2588 26.7
2587 26.6
2586 26.7
2585 26.7
2584 26.6
2583 26.7
2582 26.7
2581 26.7
2580 26.7
2579 26.7
2578 26.7
2577 26.7
2576 26.7
2575 26.8
2574 26.8
2573 26.7
2572 26.7
2571 26.7
2570 26.8
2569 26.9
2568 26.8
2567 26.8
2566 26.9
2565 26.8
2564 26.9
2563 26.8
2562 26.7
2561 26.8
2560 26.7
2559 26.7
2558 26.7
2557 26.7
2556 26.7
2555 26.8
2554 26.9
2553 26.8
2552 26.9
2551 26.8
2550 26.8
2549 26.9
2548 26.9
2547 27
2546 27
2545 27
2544 26.9
2543 27
2542 27
2541 27.1
2540 27
2539 27.1
2538 27.1
2537 27.1
2536 27.1
2535 27
2534 27.1
2533 27.1
2532 27.1
2531 27.1
2530 27.1
2529 27.1
2528 27.1
2527 27.1
2526 27.2
2525 27.1
2524 27.1
2523 27.1
2522 27
2521 27.1
2520 27.1
2519 27.2
2518 27.1
2517 27
2516 27
2515 27.1
2514 27.1
2513 27.1
2512 27.2
2511 27
2510 27.1
2509 27.1
2508 27.1
2507 27.1
2506 26.9
2505 26.9
2504 26.9
2503 27
2502 27
2501 27.1
2500 27.2
2499 27.2
2498 27.2
2497 27.2
2496 27.3
2495 27.4
2494 27.4
2493 27.4
2492 27.4
2491 27.5
2490 27.4
2489 27.5
2488 27.4
2487 27.4
2486 27.4
2485 27.4
2484 27.5
2483 27.5
2482 27.5
2481 27.5
2480 27.5
2479 27.5
2478 27.4
2477 27.4
2476 27.4
2475 27.5
2474 27.5
2473 27.5
2472 27.6
2471 27.5
2470 27.5
2469 27.6
2468 27.6
2467 27.5
2466 27.6
2465 27.6
2464 27.6
2463 27.6
2462 27.6
2461 27.5
2460 27.5
2459 27.5
2458 27.5
2457 27.6
2456 27.5
2455 27.6
2454 27.6
2453 27.6
2452 27.6
2451 27.6
2450 27.7
2449 27.7
2448 27.7
2447 27.7
2446 27.7
2445 27.7
2444 27.7
2443 27.8
2442 27.7
2441 27.8
2440 27.7
2439 27.8
2438 27.9
2437 27.9
2436 27.9
2435 27.8
2434 27.9
2433 27.8
2432 27.9
2431 27.8
2430 27.8
2429 27.9
2428 27.9
2427 27.9
2426 27.9
2425 27.9
2424 27.8
2423 27.9
2422 27.9
2421 27.8
2420 27.8
2419 28
2418 27.9
2417 27.8
2416 27.8
2415 27.9
2414 27.9
2413 28
2412 27.9
2411 27.8
2410 27.8
2409 27.8
2408 27.8
2407 27.8
2406 27.7
2405 27.7
2404 27.7
2403 27.7
2402 27.7
2401 27.8
2400 27.9
2399 28
2398 28
2397 28
2396 28
2395 28.1
2394 28.1
2393 28.2
2392 28.2
2391 28.2
2390 28.3
2389 28.3
2388 28.2
2387 28.2
2386 28.2
2385 28.2
2384 28.3
2383 28.2
2382 28.3
2381 28.2
2380 28.2
2379 28.3
2378 28.2
2377 28.3
2376 28.2
2375 28.3
2374 28.3
2373 28.3
2372 28.3
2371 28.3
2370 28.4
2369 28.4
2368 28.4
2367 28.3
2366 28.4
2365 28.4
2364 28.4
2363 28.4
2362 28.3
2361 28.3
2360 28.2
2359 28.3
2358 28.2
2357 28.2
2356 28.2
2355 28.3
2354 28.4
2353 28.3
2352 28.4
2351 28.3
2350 28.4
2349 28.4
2348 28.4
2347 28.4
2346 28.5
2345 28.5
2344 28.4
2343 28.4
2342 28.5
2341 28.5
2340 28.5
2339 28.6
2338 28.6
2337 28.7
2336 28.6
2335 28.5
2334 28.6
2333 28.6
2332 28.7
2331 28.6
2330 28.6
2329 28.6
2328 28.6
2327 28.7
2326 28.7
2325 28.7
2324 28.7
2323 28.6
2322 28.6
2321 28.6
2320 28.6
2319 28.7
2318 28.7
2317 28.6
2316 28.6
2315 28.6
2314 28.6
2313 28.7
2312 28.6
2311 28.6
2310 28.6
2309 28.6
2308 28.7
2307 28.6
2306 28.5
2305 28.5
2304 28.4
2303 28.5
2302 28.5
2301 28.6
2300 28.6
2299 28.7
2298 28.8
2297 28.8
2296 28.8
2295 28.9
2294 29
2293 29
2292 29
2291 29
2290 29
2289 29
2288 29
2287 29
2286 29
2285 29
2284 29
2283 29
2282 29
2281 29
2280 28.9
2279 29
2278 28.9
2277 29
2276 28.9
2275 29
2274 29.1
2273 29
2272 29.1
2271 29.1
2270 29.1
2269 29.1
2268 29.1
2267 29.1
2266 29.1
2265 29.1
2264 29.1
2263 29.1
2262 29.1
2261 29.1
2260 29
2259 29
2258 29
2257 29.1
2256 29
2255 29.1
2254 29.1
2253 29.1
2252 29.2
2251 29.1
2250 29.2
2249 29.2
2248 29.2
2247 29.2
2246 29.2
2245 29.2
2244 29.2
2243 29.2
2242 29.2
2241 29.3
2240 29.3
2239 29.4
2238 29.4
2237 29.4
2236 29.3
2235 29.3
2234 29.3
2233 29.4
2232 29.4
2231 29.4
2230 29.4
2229 29.3
2228 29.4
2227 29.5
2226 29.5
2225 29.4
2224 29.4
2223 29.4
2222 29.3
2221 29.3
2220 29.3
2219 29.4
2218 29.3
2217 29.3
2216 29.3
2215 29.3
2214 29.3
2213 29.4
2212 29.4
2211 29.3
2210 29.4
2209 29.4
2208 29.3
2207 29.3
2206 29.2
2205 29.1
2204 29.1
2203 29.3
2202 29.3
2201 29.2
2200 29.4
2199 29.5
2198 29.5
2197 29.5
2196 29.5
2195 29.6
2194 29.7
2193 29.7
2192 29.8
2191 29.8
2190 29.7
2189 29.7
2188 29.7
2187 29.7
2186 29.7
2185 29.7
2184 29.7
2183 29.7
2182 29.7
2181 29.8
2180 29.7
2179 29.7
2178 29.7
2177 29.8
2176 29.6
2175 29.8
2174 29.8
2173 29.8
2172 29.8
2171 29.8
2170 29.8
2169 29.9
2168 29.9
2167 29.8
2166 29.9
2165 29.9
2164 30
2163 29.8
2162 29.8
2161 29.7
2160 29.7
2159 29.7
2158 29.7
2157 29.7
2156 29.7
2155 29.8
2154 29.9
2153 29.8
2152 29.8
2151 29.8
2150 29.9
2149 29.9
2148 29.8
2147 30
2146 30
2145 29.9
2144 29.9
2143 29.9
2142 30
2141 30.1
2140 30
2139 30.1
2138 30.1
2137 30.2
2136 30.1
2135 30
2134 30.1
2133 30
2132 30.1
2131 30.1
2130 30.2
2129 30.1
2128 30
2127 30.2
2126 30.2
2125 30.2
2124 30.1
2123 30.1
2122 30
2121 30.1
2120 30.1
2119 30.1
2118 30.1
2117 30
2116 30
2115 30.2
2114 30.1
2113 30.2
2112 30.2
2111 30
2110 30.1
2109 30.1
2108 30
2107 30.1
2106 29.9
2105 29.8
2104 29.9
2103 30
2102 29.9
2101 30
2100 30.1
2099 30.2
2098 30.2
2097 30.3
2096 30.3
2095 30.4
2094 30.4
2093 30.5
2092 30.5
2091 30.5
2090 30.5
2089 30.5
2088 30.5
2087 30.5
2086 30.5
2085 30.4
2084 30.4
2083 30.4
2082 30.5
2081 30.4
2080 30.4
2079 30.4
2078 30.4
2077 30.4
2076 30.4
2075 30.5
2074 30.5
2073 30.5
2072 30.5
2071 30.5
2070 30.5
2069 30.6
2068 30.6
2067 30.6
2066 30.7
2065 30.6
2064 30.6
2063 30.6
2062 30.6
2061 30.5
2060 30.4
2059 30.5
2058 30.4
2057 30.5
2056 30.5
2055 30.5
2054 30.5
2053 30.6
2052 30.6
2051 30.6
2050 30.6
2049 30.7
2048 30.6
2047 30.8
2046 30.8
2045 30.7
2044 30.6
2043 30.6
2042 30.7
2041 30.8
2040 30.7
2039 30.8
2038 30.8
2037 30.9
2036 30.8
2035 30.8
2034 30.9
2033 30.8
2032 30.8
2031 30.9
2030 30.8
2029 30.8
2028 30.8
2027 30.9
2026 31
2025 30.9
2024 30.9
2023 30.8
2022 30.8
2021 30.8
2020 30.8
2019 30.9
2018 30.8
2017 30.8
2016 30.8
2015 30.9
2014 30.9
2013 30.8
2012 30.8
2011 30.7
2010 30.8
2009 30.8
2008 30.8
2007 30.7
2006 30.6
2005 30.6
2004 30.6
2003 30.7
2002 30.7
2001 30.7
2000 30.8
1999 30.9
1998 31
1997 31
1996 31
1995 31.1
1994 31.1
1993 31.2
1992 31.2
1991 31.3
1990 31.2
1989 31.2
1988 31.2
1987 31.2
1986 31.3
1985 31.1
1984 31.1
1983 31.1
1982 31.3
1981 31.2
1980 31.1
1979 31.1
1978 31.2
1977 31.2
1976 31.2
1975 31.2
1974 31.3
1973 31.2
1972 31.3
1971 31.2
1970 31.3
1969 31.3
1968 31.3
1967 31.3
1966 31.4
1965 31.4
1964 31.4
1963 31.4
1962 31.3
1961 31.2
1960 31.1
1959 31.2
1958 31.1
1957 31.2
1956 31.2
1955 31.2
1954 31.2
1953 31.3
1952 31.4
1951 31.3
1950 31.4
1949 31.4
1948 31.3
1947 31.4
1946 31.4
1945 31.4
1944 31.3
1943 31.4
1942 31.4
1941 31.5
1940 31.4
1939 31.4
1938 31.5
1937 31.6
1936 31.5
1935 31.5
1934 31.6
1933 31.5
1932 31.5
1931 31.5
1930 31.6
1929 31.4
1928 31.4
1927 31.5
1926 31.6
1925 31.5
1924 31.5
1923 31.4
1922 31.3
1921 31.4
1920 31.4
1919 31.5
1918 31.4
1917 31.4
1916 31.3
1915 31.4
1914 31.4
1913 31.4
1912 31.4
1911 31.3
1910 31.4
1909 31.2
1908 31.2
1907 31.2
1906 31.2
1905 31.1
1904 31.2
1903 31.2
1902 31.1
1901 31.2
1900 31.4
1899 31.4
1898 31.4
1897 31.5
1896 31.5
1895 31.6
1894 31.6
1893 31.7
1892 31.7
1891 31.7
1890 31.7
1889 31.7
1888 31.6
1887 31.7
1886 31.7
1885 31.6
1884 31.6
1883 31.5
1882 31.6
1881 31.6
1880 31.6
1879 31.6
1878 31.5
1877 31.6
1876 31.5
1875 31.7
1874 31.6
1873 31.6
1872 31.6
1871 31.6
1870 31.7
1869 31.7
1868 31.7
1867 31.6
1866 31.7
1865 31.7
1864 31.7
1863 31.7
1862 31.6
1861 31.5
1860 31.5
1859 31.4
1858 31.4
1857 31.5
1856 31.4
1855 31.6
1854 31.6
1853 31.6
1852 31.6
1851 31.5
1850 31.6
1849 31.7
1848 31.7
1847 31.7
1846 31.7
1845 31.6
1844 31.6
1843 31.6
1842 31.7
1841 31.7
1840 31.7
1839 31.8
1838 31.8
1837 31.9
1836 31.7
1835 31.7
1834 31.8
1833 31.8
1832 31.7
1831 31.8
1830 31.7
1829 31.7
1828 31.8
1827 31.8
1826 31.8
1825 31.8
1824 31.7
1823 31.7
1822 31.6
1821 31.7
1820 31.7
1819 31.8
1818 31.7
1817 31.7
1816 31.6
1815 31.7
1814 31.7
1813 31.7
1812 31.7
1811 31.5
1810 31.6
1809 31.7
1808 31.5
1807 31.5
1806 31.5
1805 31.4
1804 31.4
1803 31.5
1802 31.5
1801 31.4
1800 31.7
1799 31.7
1798 31.8
1797 31.8
1796 31.8
1795 31.8
1794 31.9
1793 32
1792 31.9
1791 32
1790 32
1789 32
1788 31.9
1787 32
1786 31.9
1785 31.9
1784 31.9
1783 31.9
1782 31.9
1781 31.8
1780 31.8
1779 31.8
1778 31.8
1777 31.8
1776 31.8
1775 31.9
1774 31.9
1773 31.9
1772 31.9
1771 31.8
1770 32
1769 32
1768 32
1767 31.9
1766 32.1
1765 32
1764 32
1763 32
1762 32
1761 31.8
1760 31.7
1759 31.8
1758 31.7
1757 31.8
1756 31.8
1755 31.8
1754 31.9
1753 31.8
1752 31.9
1751 31.9
1750 31.9
1749 31.9
1748 31.8
1747 31.9
1746 31.9
1745 31.8
1744 31.9
1743 31.9
1742 32
1741 31.9
1740 31.9
1739 32
1738 31.9
1737 32
1736 32
1735 31.8
1734 32
1733 32
1732 31.9
1731 31.8
1730 31.8
1729 31.9
1728 31.9
1727 31.9
1726 31.9
1725 31.8
1724 31.8
1723 31.7
1722 31.7
1721 31.7
1720 31.7
1719 31.7
1718 31.7
1717 31.6
1716 31.5
1715 31.6
1714 31.6
1713 31.6
1712 31.6
1711 31.4
1710 31.5
1709 31.5
1708 31.4
1707 31.4
1706 31.3
1705 31.2
1704 31.3
1703 31.3
1702 31.3
1701 31.3
1700 31.4
1699 31.5
1698 31.6
1697 31.5
1696 31.5
1695 31.6
1694 31.6
1693 31.6
1692 31.7
1691 31.7
1690 31.7
1689 31.7
1688 31.6
1687 31.6
1686 31.6
1685 31.5
1684 31.5
1683 31.5
1682 31.5
1681 31.5
1680 31.5
1679 31.5
1678 31.4
1677 31.4
1676 31.4
1675 31.5
1674 31.5
1673 31.4
1672 31.4
1671 31.4
1670 31.4
1669 31.5
1668 31.4
1667 31.4
1666 31.5
1665 31.4
1664 31.5
1663 31.4
1662 31.4
1661 31.2
1660 31.2
1659 31.2
1658 31.1
1657 31.2
1656 31.1
1655 31.2
1654 31.2
1653 31.2
1652 31.1
1651 31.1
1650 31.2
1649 31.3
1648 31.2
1647 31.2
1646 31.2
1645 31.2
1644 31.2
1643 31.2
1642 31.2
1641 31.2
1640 31.2
1639 31.2
1638 31.3
1637 31.3
1636 31.2
1635 31.1
1634 31.3
1633 31.2
1632 31.1
1631 31.1
1630 31.2
1629 31.1
1628 31.2
1627 31.2
1626 31.2
1625 31.1
1624 31
1623 31
1622 30.9
1621 31
1620 31
1619 31.1
1618 31
1617 30.9
1616 30.9
1615 30.9
1614 30.9
1613 30.9
1612 30.9
1611 30.8
1610 30.8
1609 30.8
1608 30.8
1607 30.7
1606 30.6
1605 30.6
1604 30.6
1603 30.6
1602 30.5
1601 30.6
1600 30.7
1599 30.8
1598 30.8
1597 30.9
1596 30.8
1595 30.9
1594 30.9
1593 31
1592 31
1591 31
1590 31
1589 31
1588 30.9
1587 30.9
1586 30.9
1585 30.9
1584 30.8
1583 30.8
1582 30.9
1581 30.9
1580 30.9
1579 30.8
1578 30.8
1577 30.7
1576 30.7
1575 30.8
1574 30.8
1573 30.8
1572 30.8
1571 30.8
1570 30.7
1569 30.8
1568 30.8
1567 30.7
1566 30.9
1565 30.8
1564 30.8
1563 30.7
1562 30.7
1561 30.7
1560 30.6
1559 30.6
1558 30.6
1557 30.6
1556 30.6
1555 30.6
1554 30.5
1553 30.6
1552 30.5
1551 30.6
1550 30.6
1549 30.6
1548 30.6
1547 30.7
1546 30.6
1545 30.5
1544 30.5
1543 30.6
1542 30.7
1541 30.7
1540 30.6
1539 30.6
1538 30.6
1537 30.6
1536 30.6
1535 30.6
1534 30.7
1533 30.5
1532 30.5
1531 30.5
1530 30.5
1529 30.5
1528 30.5
1527 30.6
1526 30.6
1525 30.5
1524 30.4
1523 30.4
1522 30.4
1521 30.4
1520 30.4
1519 30.4
1518 30.3
1517 30.2
1516 30.3
1515 30.3
1514 30.3
1513 30.3
1512 30.3
1511 30.1
1510 30.2
1509 30.2
1508 30.1
1507 30
1506 30
1505 29.9
1504 29.9
1503 30
1502 30
1501 30
1500 30.1
1499 30.1
1498 30.1
1497 30.2
1496 30.2
1495 30.2
1494 30.2
1493 30.2
1492 30.3
1491 30.3
1490 30.2
1489 30.3
1488 30.2
1487 30.2
1486 30.2
1485 30.1
1484 30
1483 30.1
1482 30.1
1481 30
1480 30.1
1479 30
1478 30
1477 30
1476 30
1475 30
1474 30.1
1473 30
1472 30
1471 30
1470 30
1469 30.1
1468 30
1467 30
1466 30
1465 30.1
1464 30
1463 30
1462 29.9
1461 29.8
1460 29.7
1459 29.8
1458 29.7
1457 29.7
1456 29.7
1455 29.7
1454 29.8
1453 29.9
1452 29.8
1451 29.7
1450 29.8
1449 29.9
1448 29.7
1447 29.9
1446 29.8
1445 29.8
1444 29.7
1443 29.7
1442 29.9
1441 29.9
1440 29.8
1439 29.8
1438 29.9
1437 29.9
1436 29.8
1435 29.7
1434 29.8
1433 29.8
1432 29.8
1431 29.7
1430 29.8
1429 29.7
1428 29.7
1427 29.8
1426 29.7
1425 29.7
1424 29.7
1423 29.6
1422 29.5
1421 29.5
1420 29.6
1419 29.6
1418 29.5
1417 29.5
1416 29.5
1415 29.5
1414 29.5
1413 29.6
1412 29.5
1411 29.4
1410 29.5
1409 29.4
1408 29.4
1407 29.3
1406 29.3
1405 29.2
1404 29.2
1403 29.3
1402 29.3
1401 29.3
1400 29.4
1399 29.5
1398 29.5
1397 29.5
1396 29.4
1395 29.5
1394 29.6
1393 29.6
1392 29.6
1391 29.6
1390 29.6
1389 29.6
1388 29.5
1387 29.6
1386 29.5
1385 29.5
1384 29.4
1383 29.5
1382 29.5
1381 29.5
1380 29.4
1379 29.5
1378 29.4
1377 29.4
1376 29.4
1375 29.5
1374 29.5
1373 29.4
1372 29.4
1371 29.4
1370 29.4
1369 29.5
1368 29.4
1367 29.4
1366 29.5
1365 29.5
1364 29.4
1363 29.4
1362 29.4
1361 29.3
1360 29.2
1359 29.3
1358 29.2
1357 29.2
1356 29.2
1355 29.2
1354 29.3
1353 29.2
1352 29.3
1351 29.2
1350 29.3
1349 29.4
1348 29.3
1347 29.4
1346 29.4
1345 29.3
1344 29.3
1343 29.4
1342 29.4
1341 29.5
1340 29.4
1339 29.4
1338 29.5
1337 29.5
1336 29.5
1335 29.5
1334 29.6
1333 29.5
1332 29.5
1331 29.6
1330 29.6
1329 29.6
1328 29.5
1327 29.6
1326 29.7
1325 29.6
1324 29.6
1323 29.6
1322 29.5
1321 29.5
1320 29.6
1319 29.6
1318 29.5
1317 29.5
1316 29.5
1315 29.6
1314 29.5
1313 29.6
1312 29.6
1311 29.5
1310 29.5
1309 29.6
1308 29.6
1307 29.5
1306 29.5
1305 29.5
1304 29.4
1303 29.5
1302 29.5
1301 29.5
1300 29.7
1299 29.8
1298 29.9
1297 29.9
1296 29.9
1295 29.9
1294 29.9
1293 30
1292 30.1
1291 30.1
1290 30.1
1289 30.1
1288 30.1
1287 30.1
1286 30.1
1285 30
1284 30.1
1283 30
1282 30.1
1281 30.1
1280 30.1
1279 30.1
1278 30.1
1277 30.2
1276 30.1
1275 30.3
1274 30.2
1273 30.3
1272 30.2
1271 30.3
1270 30.3
1269 30.4
1268 30.3
1267 30.4
1266 30.4
1265 30.4
1264 30.4
1263 30.3
1262 30.3
1261 30.3
1260 30.3
1259 30.4
1258 30.3
1257 30.3
1256 30.3
1255 30.4
1254 30.4
1253 30.5
1252 30.5
1251 30.5
1250 30.5
1249 30.6
1248 30.6
1247 30.7
1246 30.6
1245 30.6
1244 30.5
1243 30.6
1242 30.7
1241 30.7
1240 30.7
1239 30.7
1238 30.8
1237 30.8
1236 30.8
1235 30.8
1234 30.9
1233 30.8
1232 30.8
1231 30.9
1230 31
1229 30.9
1228 30.9
1227 31
1226 31.1
1225 31.1
1224 31
1223 30.9
1222 30.9
1221 30.9
1220 31
1219 31
1218 31
1217 30.9
1216 30.9
1215 31
1214 31.1
1213 31
1212 31.1
1211 31
1210 31
1209 31.1
1208 31
1207 31
1206 31
1205 30.9
1204 30.9
1203 31.1
1202 31.1
1201 31.1
1200 31.2
1199 31.3
1198 31.4
1197 31.4
1196 31.4
1195 31.5
1194 31.4
1193 31.6
1192 31.6
1191 31.7
1190 31.6
1189 31.7
1188 31.6
1187 31.7
1186 31.7
1185 31.7
1184 31.6
1183 31.7
1182 31.8
1181 31.7
1180 31.8
1179 31.8
1178 31.8
1177 31.9
1176 31.8
1175 32
1174 31.9
1173 32
1172 32
1171 32
1170 32
1169 32.1
1168 32
1167 32
1166 32.1
1165 32.1
1164 32.1
1163 32.1
1162 32.1
1161 32.1
1160 32
1159 32
1158 32.1
1157 32.1
1156 32.1
1155 32.1
1154 32.2
1153 32.2
1152 32.3
1151 32.2
1150 32.2
1149 32.4
1148 32.3
1147 32.5
1146 32.5
1145 32.5
1144 32.4
1143 32.5
1142 32.6
1141 32.7
1140 32.7
1139 32.7
1138 32.8
1137 32.9
1136 32.9
1135 32.8
1134 32.9
1133 32.9
1132 32.9
1131 33
1130 33.1
1129 33
1128 33.1
1127 33.1
1126 33.3
1125 33.3
1124 33.2
1123 33.1
1122 33.1
1121 33.2
1120 33.2
1119 33.3
1118 33.3
1117 33.3
1116 33.2
1115 33.4
1114 33.3
1113 33.4
1112 33.5
1111 33.3
1110 33.4
1109 33.5
1108 33.5
1107 33.4
1106 33.4
1105 33.4
1104 33.5
1103 33.5
1102 33.6
1101 33.6
1100 33.8
1099 33.8
1098 33.9
1097 34
1096 34
1095 34.1
1094 34.1
1093 34.3
1092 34.3
1091 34.3
1090 34.4
1089 34.4
1088 34.4
1087 34.4
1086 34.4
1085 34.4
1084 34.5
1083 34.4
1082 34.6
1081 34.6
1080 34.6
1079 34.6
1078 34.6
1077 34.7
1076 34.7
1075 34.8
1074 34.8
1073 34.8
1072 34.9
1071 34.9
1070 35
1069 35.1
1068 35
1067 35.1
1066 35.2
1065 35.2
1064 35.1
1063 35.2
1062 35.2
1061 35.1
1060 35.2
1059 35.2
1058 35.2
1057 35.2
1056 35.2
1055 35.3
1054 35.5
1053 35.5
1052 35.6
1051 35.6
1050 35.6
1049 35.7
1048 35.7
1047 35.7
1046 35.8
1045 35.8
1044 35.8
1043 35.8
1042 35.9
1041 36
1040 36
1039 36.2
1038 36.1
1037 36.2
1036 36.1
1035 36.2
1034 36.3
1033 36.3
1032 36.2
1031 36.3
1030 36.4
1029 36.4
1028 36.5
1027 36.6
1026 36.6
1025 36.5
1024 36.5
1023 36.6
1022 36.5
1021 36.6
1020 36.5
1019 36.7
1018 36.6
1017 36.6
1016 36.6
1015 36.7
1014 36.8
1013 36.7
1012 36.8
1011 36.7
1010 36.8
1009 36.8
1008 36.9
1007 36.8
1006 36.8
1005 36.8
1004 36.8
1003 37
1002 36.9
1001 37.1
1000 37.2
999 37.3
998 37.3
997 37.4
996 37.4
995 37.5
994 37.6
993 37.6
992 37.7
991 37.7
990 37.8
989 37.8
988 37.7
987 37.8
986 37.9
985 37.8
984 37.9
983 38
982 38
981 38.1
980 38.1
979 38.1
978 38
977 38.2
976 38.1
975 38.2
974 38.2
973 38.3
972 38.3
971 38.4
970 38.5
969 38.6
968 38.6
967 38.5
966 38.7
965 38.7
964 38.7
963 38.8
962 38.7
961 38.7
960 38.6
959 38.7
958 38.7
957 38.8
956 38.7
955 38.8
954 38.9
953 38.9
952 39
951 39
950 39.1
949 39.2
948 39.3
947 39.5
946 39.5
945 39.6
944 39.6
943 39.7
942 39.8
941 40
940 40
939 40.1
938 40.3
937 40.3
936 40.4
935 40.4
934 40.5
933 40.4
932 40.6
931 40.6
930 40.8
929 40.8
928 40.9
927 41
926 41.1
925 41.1
924 41.2
923 41.2
922 41.2
921 41.3
920 41.4
919 41.5
918 41.4
917 41.5
916 41.6
915 41.7
914 41.7
913 41.8
912 41.8
911 41.8
910 42
909 42
908 42.1
907 42.1
906 42.1
905 42.1
904 42.1
903 42.3
902 42.5
901 42.5
900 42.7
899 43
898 43
897 43.2
896 43.2
895 43.4
894 43.5
893 43.6
892 43.7
891 43.8
890 43.9
889 44
888 44
887 44.1
886 44.2
885 44.1
884 44.2
883 44.2
882 44.5
881 44.5
880 44.5
879 44.6
878 44.6
877 44.7
876 44.8
875 45
874 45.1
873 45.1
872 45.2
871 45.2
870 45.3
869 45.6
868 45.6
867 45.6
866 45.8
865 45.8
864 45.9
863 45.9
862 46
861 46
860 46
859 46.1
858 46.2
857 46.2
856 46.3
855 46.5
854 46.6
853 46.7
852 46.8
851 46.8
850 46.9
849 47.1
848 47.1
847 47.2
846 47.3
845 47.3
844 47.4
843 47.4
842 47.7
841 47.7
840 47.8
839 47.9
838 48
837 48.1
836 48.2
835 48.2
834 48.4
833 48.3
832 48.5
831 48.4
830 48.6
829 48.7
828 48.8
827 48.9
826 48.9
825 49
824 49.1
823 49
822 49
821 49.2
820 49.3
819 49.4
818 49.3
817 49.3
816 49.4
815 49.6
814 49.6
813 49.7
812 49.8
811 49.7
810 49.8
809 49.8
808 49.9
807 50
806 49.9
805 49.9
804 50
803 50.2
802 50.2
801 50.3
800 50.5
799 50.7
798 50.9
797 50.9
796 51.1
795 51.2
794 51.3
793 51.5
792 51.6
791 51.6
790 51.8
789 51.8
788 51.8
787 51.9
786 51.9
785 51.9
784 51.9
783 52
782 52.2
781 52.1
780 52.2
779 52.4
778 52.4
777 52.5
776 52.5
775 52.7
774 52.8
773 52.9
772 52.9
771 52.9
770 53.2
769 53.2
768 53.3
767 53.3
766 53.4
765 53.5
764 53.6
763 53.6
762 53.6
761 53.6
760 53.6
759 53.8
758 53.8
757 53.8
756 53.9
755 54
754 54.1
753 54.2
752 54.3
751 54.3
750 54.5
749 54.6
748 54.6
747 54.7
746 54.7
745 54.7
744 54.8
743 54.8
742 55
741 55
740 55.1
739 55.2
738 55.3
737 55.3
736 55.3
735 55.3
734 55.4
733 55.4
732 55.4
731 55.3
730 55.5
729 55.4
728 55.6
727 55.7
726 55.8
725 55.8
724 55.7
723 55.6
722 55.6
721 55.7
720 55.7
719 55.8
718 55.8
717 55.7
716 55.8
715 55.8
714 55.8
713 55.9
712 55.8
711 55.7
710 55.8
709 55.9
708 55.8
707 55.8
706 55.7
705 55.7
704 55.7
703 55.8
702 55.8
701 55.9
700 56.1
699 56.3
698 56.3
697 56.5
696 56.4
695 56.6
694 56.5
693 56.7
692 56.8
691 56.8
690 57
689 57
688 56.9
687 56.9
686 56.9
685 56.9
684 56.8
683 56.9
682 57.1
681 57
680 57.1
679 57.1
678 57.1
677 57.1
676 57.2
675 57.4
674 57.4
673 57.3
672 57.4
671 57.3
670 57.5
669 57.7
668 57.6
667 57.5
666 57.7
665 57.7
664 57.7
663 57.7
662 57.6
661 57.6
660 57.5
659 57.6
658 57.6
657 57.6
656 57.6
655 57.7
654 57.9
653 57.9
652 57.8
651 57.9
650 58
649 58.1
648 58
647 58.1
646 57.9
645 57.9
644 57.9
643 57.9
642 58.1
641 58.1
640 58
639 58.1
638 58.1
637 58.2
636 58
635 58
634 58.1
633 57.9
632 57.8
631 57.8
630 57.8
629 57.7
628 57.7
627 57.8
626 57.9
625 57.8
624 57.7
623 57.6
622 57.4
621 57.6
620 57.5
619 57.5
618 57.5
617 57.3
616 57.3
615 57.4
614 57.3
613 57.3
612 57.2
611 57
610 57
609 57
608 57
607 56.9
606 56.8
605 56.6
604 56.6
603 56.7
602 56.7
601 56.7
600 56.8
599 56.9
598 56.9
597 57
596 56.9
595 57
594 57
593 57.1
592 57
591 57.1
590 57
589 57
588 56.9
587 56.9
586 56.9
585 56.7
584 56.6
583 56.7
582 56.7
581 56.6
580 56.7
579 56.7
578 56.5
577 56.6
576 56.5
575 56.6
574 56.5
573 56.5
572 56.5
571 56.4
570 56.6
569 56.6
568 56.6
567 56.5
566 56.4
565 56.4
564 56.4
563 56.3
562 56.2
561 56.2
560 56
559 56.1
558 56
557 55.9
556 55.9
555 56
554 56.1
553 56.1
552 55.9
551 55.8
550 55.9
549 56.1
548 56.2
547 56.2
546 56.3
545 56.3
544 56.5
543 56.5
542 56.7
541 56.9
540 56.9
539 57.1
538 57.2
537 57.3
536 57.4
535 57.4
534 57.6
533 57.5
532 57.6
531 57.7
530 57.8
529 57.8
528 57.9
527 58.1
526 58.3
525 58.2
524 58.3
523 58.3
522 58.3
521 58.5
520 58.5
519 58.7
518 58.6
517 58.6
516 58.7
515 58.8
514 58.9
513 59
512 59
511 58.9
510 59.2
509 59.3
508 59.3
507 59.3
506 59.3
505 59.3
504 59.4
503 59.6
502 59.6
501 59.7
500 60
499 60.2
498 60.3
497 60.5
496 60.6
495 60.8
494 60.9
493 61
492 61.2
491 61.4
490 61.4
489 61.5
488 61.4
487 61.6
486 61.6
485 61.7
484 61.6
483 61.8
482 62.1
481 62
480 62.2
479 62.3
478 62.4
477 62.4
476 62.6
475 62.8
474 62.8
473 62.8
472 63
471 63
470 63.3
469 63.5
468 63.4
467 63.5
466 63.7
465 63.8
464 63.9
463 63.9
462 63.9
461 63.9
460 63.9
459 64.1
458 64.2
457 64.2
456 64.2
455 64.4
454 64.6
453 64.8
452 64.8
451 64.9
450 65
449 65.3
448 65.3
447 65.4
446 65.5
445 65.6
444 65.6
443 65.7
442 66
441 66.2
440 66.2
439 66.3
438 66.6
437 66.8
436 66.8
435 66.8
434 67
433 67
432 67.1
431 67.1
430 67.3
429 67.4
428 67.5
427 67.8
426 67.9
425 67.9
424 68
423 67.9
422 67.9
421 68.2
420 68.3
419 68.4
418 68.4
417 68.4
416 68.5
415 68.7
414 68.7
413 68.9
412 68.9
411 68.8
410 69
409 69.1
408 69.2
407 69.2
406 69.2
405 69.2
404 69.3
403 69.5
402 69.5
401 69.7
400 70
399 70.2
398 70.4
397 70.7
396 70.8
395 71
394 71
393 71.3
392 71.5
391 71.7
390 71.7
389 71.9
388 71.8
387 72
386 72
385 72
384 72
383 72.2
382 72.4
381 72.4
380 72.6
379 72.7
378 72.7
377 72.9
376 72.9
375 73.2
374 73.2
373 73.4
372 73.5
371 73.5
370 73.7
369 73.9
368 74
367 74
366 74.3
365 74.3
364 74.5
363 74.5
362 74.5
361 74.5
360 74.4
359 74.7
358 74.8
357 74.8
356 74.8
355 75.1
354 75.3
353 75.4
352 75.4
351 75.6
350 75.8
349 76
348 76.1
347 76.2
346 76.3
345 76.3
344 76.4
343 76.5
342 76.8
341 76.9
340 77
339 77.1
338 77.3
337 77.5
336 77.5
335 77.5
334 77.7
333 77.7
332 77.8
331 77.8
330 78
329 78
328 78.2
327 78.5
326 78.6
325 78.6
324 78.7
323 78.6
322 78.7
321 78.9
320 78.9
319 79.1
318 79.2
317 79.1
316 79.1
315 79.4
314 79.4
313 79.6
312 79.6
311 79.4
310 79.7
309 79.7
308 79.8
307 79.9
306 79.9
305 79.8
304 79.9
303 80.1
302 80.2
301 80.3
300 80.6
299 80.9
298 81.1
297 81.3
296 81.4
295 81.7
294 81.8
293 82
292 82.2
291 82.3
290 82.4
289 82.6
288 82.6
287 82.8
286 82.8
285 82.7
284 82.7
283 82.8
282 83
281 83.1
280 83.2
279 83.4
278 83.5
277 83.6
276 83.5
275 83.9
274 84
273 84.1
272 84.2
271 84.2
270 84.5
269 84.7
268 84.6
267 84.7
266 85
265 85.1
264 85.2
263 85.3
262 85.3
261 85.2
260 85.3
259 85.5
258 85.5
257 85.6
256 85.7
255 85.9
254 86.1
253 86.2
252 86.3
251 86.4
250 86.6
249 87
248 87.3
247 87.7
246 88
245 88.3
244 88.4
243 88.9
242 89.3
241 89.7
240 90
239 90.3
238 90.6
237 91
236 91.1
235 91.2
234 91.6
233 91.7
232 92
231 92.1
230 92.4
229 92.6
228 93
227 93.2
226 93.5
225 93.7
224 93.8
223 93.8
222 94
221 94.3
220 94.5
219 94.9
218 95.3
217 95.5
216 96
215 96.5
214 96.8
213 97.3
212 97.7
211 97.8
210 98.3
209 98.7
208 99.1
207 99.4
206 99.5
205 99.7
204 100
203 100.5
202 100.9
201 101.2
200 101.9
199 102.3
198 102.7
197 103.1
196 103.4
195 104
194 104.4
193 104.7
192 105.1
191 105.5
190 105.8
189 106.2
188 106.2
187 106.6
186 106.9
185 106.9
184 107.1
183 107.5
182 107.8
181 108
180 108.5
179 109
178 109.5
177 110.1
176 110.5
175 111.2
174 111.8
173 112.3
172 112.9
171 113.3
170 113.9
169 114.5
168 114.8
167 115.1
166 115.7
165 116
164 116.5
163 116.8
162 117.2
161 117.4
160 117.7
159 118.1
158 118.5
157 118.7
156 119
155 119.5
154 120
153 120.4
152 120.7
151 121
150 121.5
149 122.4
148 122.9
147 123.6
146 124.2
145 124.7
144 125.3
143 126
142 126.7
141 127.4
140 127.8
139 128.5
138 129.3
137 130.1
136 130.6
135 131.1
134 131.8
133 132.2
132 132.8
131 133.2
130 134
129 134.8
128 135.8
127 136.8
126 137.7
125 138.5
124 139.3
123 139.9
122 140.7
121 141.8
120 142.8
119 143.8
118 144.6
117 145.4
116 146.5
115 147.9
114 148.6
113 149.8
112 150.7
111 151.3
110 152.6
109 154
108 155.2
107 156.4
106 157.5
105 158.7
104 159.8
103 161.2
102 162.6
101 163.9
100 165.6
