8000 19.5
7999 19.5
7998 19.6
7997 19.6
7996 19.6
7995 19.7
7994 19.7
7993 19.7
7992 19.7
7991 19.8
7990 19.9
7989 19.8
7988 19.9
7987 19.9
7986 19.9
7985 19.9
7984 19.9
7983 19.9
7982 19.9
7981 20
7980 20
7979 20
7978 20
7977 20
7976 20
7975 20.1
7974 20.1
7973 20.1
7972 20.1
7971 20
7970 20.1
7969 20.1
7968 20.1
7967 20
7966 20.1
7965 20
7964 20.1
7963 20.2
7962 20
7961 20
7960 20
7959 20
7958 20.1
7957 20
7956 20
7955 20.1
7954 20
7953 20.1
7952 20
7951 20
7950 20.1
7949 20.1
7948 20.1
7947 20.2
7946 20.2
7945 20.2
7944 20.2
7943 20.1
7942 20.3
7941 20.3
7940 20.2
7939 20.3
7938 20.3
7937 20.3
7936 20.3
7935 20.4
7934 20.4
7933 20.3
7932 20.3
7931 20.3
7930 20.4
7929 20.3
7928 20.4
7927 20.4
7926 20.4
7925 20.4
7924 20.4
7923 20.4
7922 20.5
7921 20.5
7920 20.5
7919 20.5
7918 20.4
7917 20.4
7916 20.4
7915 20.5
7914 20.5
7913 20.5
7912 20.5
7911 20.5
7910 20.5
7909 20.5
7908 20.5
7907 20.5
7906 20.5
7905 20.5
7904 20.5
7903 20.5
7902 20.5
7901 20.5
7900 20.6
7899 20.7
7898 20.6
7897 20.8
7896 20.8
7895 20.8
7894 20.8
7893 20.9
7892 20.9
7891 20.9
7890 21
7889 21
7888 21
7887 21
7886 21
7885 21
7884 21
7883 21.1
7882 21.1
7881 21.1
7880 21.2
7879 21.2
7878 21.2
7877 21.2
7876 21.2
7875 21.3
7874 21.2
7873 21.2
7872 21.3
7871 21.3
7870 21.3
7869 21.3
7868 21.3
7867 21.3
7866 21.3
7865 21.3
7864 21.3
7863 21.3
7862 21.3
7861 21.2
7860 21.2
7859 21.3
7858 21.3
7857 21.3
7856 21.2
7855 21.3
7854 21.2
7853 21.3
7852 21.3
7851 21.3
7850 21.3
7849 21.3
7848 21.4
7847 21.4
7846 21.4
7845 21.4
7844 21.4
7843 21.3
7842 21.4
7841 21.5
7840 21.5
7839 21.5
7838 21.5
7837 21.5
7836 21.5
7835 21.5
7834 21.6
7833 21.5
7832 21.6
7831 21.6
7830 21.6
7829 21.5
7828 21.6
7827 21.6
7826 21.6
7825 21.6
7824 21.6
7823 21.6
7822 21.6
7821 21.6
7820 21.7
7819 21.7
7818 21.6
7817 21.6
7816 21.6
7815 21.7
7814 21.7
7813 21.7
7812 21.7
7811 21.7
7810 21.7
7809 21.7
7808 21.8
7807 21.7
7806 21.8
7805 21.7
7804 21.7
7803 21.8
7802 21.8
7801 21.7
7800 21.9
7799 21.9
7798 21.9
7797 22
7796 22.1
7795 22.1
7794 22.2
7793 22.1
7792 22.2
7791 22.2
7790 22.3
7789 22.3
7788 22.3
7787 22.4
7786 22.3
7785 22.3
7784 22.4
7783 22.4
7782 22.3
7781 22.4
7780 22.4
7779 22.5
7778 22.5
7777 22.5
7776 22.6
7775 22.5
7774 22.5
7773 22.5
7772 22.5
7771 22.6
7770 22.6
7769 22.6
7768 22.6
7767 22.6
7766 22.6
7765 22.6
7764 22.6
7763 22.7
7762 22.6
7761 22.6
7760 22.5
7759 22.5
7758 22.6
7757 22.5
7756 22.5
7755 22.6
7754 22.6
7753 22.6
7752 22.6
7751 22.6
7750 22.6
7749 22.8
7748 22.7
7747 22.8
7746 22.8
7745 22.7
7744 22.7
7743 22.7
7742 22.7
7741 22.8
7740 22.8
7739 22.9
7738 22.9
7737 22.9
7736 22.9
7735 22.9
7734 22.9
7733 22.9
7732 23
7731 22.9
7730 22.9
7729 23
7728 23
7727 23.1
7726 23
7725 23.1
7724 23.1
7723 23
7722 23.1
7721 23.2
7720 23.2
7719 23.2
7718 23.1
7717 23.1
7716 23.1
7715 23.1
7714 23.2
7713 23.2
7712 23.2
7711 23.1
7710 23.1
7709 23.2
7708 23.2
7707 23.2
7706 23.2
7705 23.2
7704 23.1
7703 23.2
7702 23.4
7701 23.3
7700 23.3
7699 23.4
7698 23.5
7697 23.5
7696 23.6
7695 23.6
7694 23.7
7693 23.7
7692 23.8
7691 23.8
7690 23.8
7689 23.9
7688 23.9
7687 24
7686 23.9
7685 24
7684 24
7683 24.1
7682 24
7681 24
7680 24
7679 24.1
7678 24.1
7677 24.1
7676 24.1
7675 24.1
7674 24.1
7673 24.1
7672 24.1
7671 24.2
7670 24.2
7669 24.2
7668 24.2
7667 24.3
7666 24.2
7665 24.2
7664 24.3
7663 24.2
7662 24.2
7661 24.1
7660 24.2
7659 24.2
7658 24.2
7657 24.1
7656 24.1
7655 24.2
7654 24.2
7653 24.3
7652 24.3
7651 24.2
7650 24.2
7649 24.3
7648 24.4
7647 24.5
7646 24.4
7645 24.4
7644 24.3
7643 24.4
7642 24.5
7641 24.5
7640 24.5
7639 24.6
7638 24.6
7637 24.7
7636 24.7
7635 24.6
7634 24.7
7633 24.7
7632 24.7
7631 24.6
7630 24.8
7629 24.7
7628 24.7
7627 24.8
7626 24.8
7625 24.8
7624 24.8
7623 24.8
7622 24.8
7621 24.9
7620 24.9
7619 24.9
7618 24.8
7617 24.8
7616 24.9
7615 24.9
7614 24.9
7613 25
7612 25
7611 24.8
7610 24.9
7609 25
7608 24.9
7607 24.9
7606 24.9
7605 24.9
7604 24.9
7603 24.9
7602 25.1
7601 25
7600 25
7599 25.1
7598 25.2
7597 25.2
7596 25.3
7595 25.4
7594 25.4
7593 25.4
7592 25.6
7591 25.5
7590 25.5
7589 25.5
7588 25.6
7587 25.6
7586 25.6
7585 25.6
7584 25.6
7583 25.7
7582 25.7
7581 25.8
7580 25.8
7579 25.8
7578 25.8
7577 25.8
7576 25.9
7575 25.9
7574 25.9
7573 25.9
7572 25.9
7571 25.9
7570 25.9
7569 26
7568 26
7567 25.9
7566 26
7565 25.9
7564 26
7563 26
7562 26
7561 25.9
7560 25.9
7559 25.9
7558 25.9
7557 25.9
7556 25.9
7555 26
7554 26
7553 26
7552 26
7551 26
7550 26
7549 26
7548 26.1
7547 26.2
7546 26.2
7545 26.1
7544 26.1
7543 26.1
7542 26.2
7541 26.2
7540 26.2
7539 26.3
7538 26.3
7537 26.3
7536 26.3
7535 26.3
7534 26.4
7533 26.3
7532 26.3
7531 26.3
7530 26.4
7529 26.4
7528 26.4
7527 26.4
7526 26.4
7525 26.5
7524 26.5
7523 26.4
7522 26.5
7521 26.5
7520 26.5
7519 26.5
7518 26.5
7517 26.4
7516 26.5
7515 26.5
7514 26.5
7513 26.5
7512 26.6
7511 26.5
7510 26.5
7509 26.6
7508 26.6
7507 26.5
7506 26.5
7505 26.5
7504 26.6
7503 26.7
7502 26.7
7501 26.6
7500 26.7
7499 26.8
7498 26.9
7497 27
7496 26.9
7495 27.1
7494 27.1
7493 27.1
7492 27.2
7491 27.3
7490 27.3
7489 27.3
7488 27.3
7487 27.4
7486 27.3
7485 27.4
7484 27.4
7483 27.5
7482 27.4
7481 27.5
7480 27.5
7479 27.5
7478 27.6
7477 27.6
7476 27.6
7475 27.7
7474 27.6
7473 27.6
7472 27.6
7471 27.7
7470 27.7
7469 27.8
7468 27.7
7467 27.7
7466 27.7
7465 27.7
7464 27.7
7463 27.8
7462 27.7
7461 27.6
7460 27.6
7459 27.6
7458 27.7
7457 27.7
7456 27.7
7455 27.6
7454 27.7
7453 27.7
7452 27.8
7451 27.7
7450 27.8
7449 27.8
7448 27.9
7447 27.9
7446 27.9
7445 27.9
7444 27.9
7443 27.9
7442 28
7441 28
7440 28
7439 28
7438 28.1
7437 28.1
7436 28.1
7435 28.1
7434 28.2
7433 28.1
7432 28.2
7431 28.1
7430 28.2
7429 28.2
7428 28.3
7427 28.3
7426 28.3
7425 28.3
7424 28.4
7423 28.3
7422 28.4
7421 28.4
7420 28.4
7419 28.5
7418 28.4
7417 28.3
7416 28.4
7415 28.5
7414 28.5
7413 28.5
7412 28.5
7411 28.5
7410 28.4
7409 28.5
7408 28.5
7407 28.5
7406 28.5
7405 28.5
7404 28.5
7403 28.6
7402 28.7
7401 28.6
7400 28.7
7399 28.8
7398 28.9
7397 28.9
7396 28.9
7395 29.1
7394 29
7393 29.2
7392 29.2
7391 29.3
7390 29.3
7389 29.4
7388 29.4
7387 29.4
7386 29.4
7385 29.5
7384 29.4
7383 29.5
7382 29.5
7381 29.5
7380 29.6
7379 29.6
7378 29.6
7377 29.7
7376 29.7
7375 29.8
7374 29.7
7373 29.8
7372 29.8
7371 29.7
7370 29.8
7369 29.8
7368 29.9
7367 29.9
7366 29.9
7365 29.9
7364 29.8
7363 30
7362 29.8
7361 29.8
7360 29.7
7359 29.8
7358 29.8
7357 29.9
7356 29.9
7355 29.9
7354 29.9
7353 29.9
7352 30.1
7351 30
7350 30
7349 30.1
7348 30.1
7347 30.3
7346 30.2
7345 30.3
7344 30.1
7343 30.1
7342 30.3
7341 30.3
7340 30.3
7339 30.4
7338 30.4
7337 30.5
7336 30.4
7335 30.4
7334 30.5
7333 30.4
7332 30.5
7331 30.5
7330 30.5
7329 30.6
7328 30.7
7327 30.7
7326 30.7
7325 30.8
7324 30.7
7323 30.7
7322 30.7
7321 30.8
7320 30.9
7319 30.8
7318 30.8
7317 30.7
7316 30.8
7315 30.9
7314 30.9
7313 30.9
7312 31
7311 30.9
7310 30.9
7309 30.9
7308 30.9
7307 31
7306 31
7305 31
7304 30.9
7303 31.1
7302 31.2
7301 31.1
7300 31.2
7299 31.4
7298 31.4
7297 31.5
7296 31.5
7295 31.6
7294 31.6
7293 31.7
7292 31.8
7291 31.9
7290 31.9
7289 31.9
7288 32
7287 32.1
7286 32.1
7285 32.1
7284 32
7283 32.1
7282 32.1
7281 32.1
7280 32.2
7279 32.2
7278 32.3
7277 32.3
7276 32.3
7275 32.4
7274 32.3
7273 32.4
7272 32.4
7271 32.4
7270 32.4
7269 32.5
7268 32.5
7267 32.6
7266 32.5
7265 32.5
7264 32.5
7263 32.5
7262 32.5
7261 32.5
7260 32.4
7259 32.5
7258 32.5
7257 32.4
7256 32.4
7255 32.5
7254 32.5
7253 32.5
7252 32.6
7251 32.6
7250 32.9
7249 33.1
7248 33.1
7247 33.2
7246 33.2
7245 33.1
7244 33
7243 33.1
7242 33.1
7241 33.2
7240 33.1
7239 33.2
7238 33.2
7237 33.2
7236 33.2
7235 33.2
7234 33.4
7233 33.2
7232 33.3
7231 33.3
7230 33.3
7229 33.3
7228 33.4
7227 33.4
7226 33.5
7225 33.5
7224 33.5
7223 33.5
7222 33.5
7221 33.5
7220 33.5
7219 33.5
7218 33.5
7217 33.5
7216 33.5
7215 33.6
7214 33.6
7213 33.5
7212 33.6
7211 33.5
7210 33.5
7209 33.6
7208 33.6
7207 33.6
7206 33.6
7205 33.6
7204 33.6
7203 33.7
7202 33.7
7201 33.7
7200 33.8
7199 33.9
7198 34
7197 34.1
7196 34.1
7195 34.2
7194 34.2
7193 34.4
7192 34.5
7191 34.5
7190 34.5
7189 34.5
7188 34.6
7187 34.6
7186 34.6
7185 34.6
7184 34.6
7183 34.7
7182 34.6
7181 34.7
7180 34.8
7179 34.8
7178 34.8
7177 34.8
7176 34.8
7175 34.9
7174 34.9
7173 34.9
7172 35
7171 35
7170 34.9
7169 35
7168 35.1
7167 35.1
7166 35
7165 35
7164 35
7163 35
7162 34.9
7161 34.9
7160 34.8
7159 34.9
7158 35
7157 34.9
7156 34.9
7155 34.9
7154 35
7153 35
7152 35.1
7151 34.9
7150 35
7149 35.1
7148 35.2
7147 35.3
7146 35.3
7145 35.3
7144 35.2
7143 35.1
7142 35.2
7141 35.3
7140 35.3
7139 35.4
7138 35.5
7137 35.4
7136 35.4
7135 35.5
7134 35.6
7133 35.4
7132 35.5
7131 35.5
7130 35.6
7129 35.6
7128 35.7
7127 35.7
7126 35.7
7125 35.7
7124 35.7
7123 35.6
7122 35.7
7121 35.7
7120 35.8
7119 35.7
7118 35.7
7117 35.7
7116 35.7
7115 35.7
7114 35.8
7113 35.8
7112 35.9
7111 35.7
7110 35.8
7109 35.8
7108 35.8
7107 35.8
7106 35.8
7105 35.8
7104 35.8
7103 35.9
7102 36
7101 35.9
7100 36.1
7099 36.1
7098 36.2
7097 36.3
7096 36.3
7095 36.4
7094 36.4
7093 36.6
7092 36.6
7091 36.6
7090 36.7
7089 36.8
7088 36.8
7087 36.9
7086 36.8
7085 36.8
7084 36.9
7083 37
7082 37
7081 37
7080 37.1
7079 37.1
7078 37.1
7077 37.2
7076 37.2
7075 37.2
7074 37.2
7073 37.2
7072 37.3
7071 37.2
7070 37.2
7069 37.3
7068 37.3
7067 37.3
7066 37.3
7065 37.2
7064 37.3
7063 37.3
7062 37.2
7061 37.2
7060 37.1
7059 37.2
7058 37.2
7057 37.2
7056 37.2
7055 37.2
7054 37.2
7053 37.2
7052 37.4
7051 37.3
7050 37.3
7049 37.5
7048 37.4
7047 37.5
7046 37.5
7045 37.5
7044 37.4
7043 37.5
7042 37.5
7041 37.7
7040 37.6
7039 37.7
7038 37.7
7037 37.7
7036 37.7
7035 37.7
7034 37.8
7033 37.8
7032 37.8
7031 37.8
7030 37.9
7029 37.9
7028 37.9
7027 38
7026 38
7025 38
7024 38.1
7023 38
7022 38
7021 38.1
7020 38.2
7019 38.1
7018 38
7017 38
7016 38
7015 38.1
7014 38.1
7013 38.2
7012 38.1
7011 38
7010 38.1
7009 38.2
7008 38.1
7007 38.1
7006 38.1
7005 38.1
7004 38.1
7003 38.2
7002 38.2
7001 38.1
7000 38.3
6999 38.5
6998 38.6
6997 38.6
6996 38.6
6995 38.8
6994 38.9
6993 38.9
6992 38.9
6991 39.1
6990 39
6989 39
6988 39.1
6987 39.2
6986 39.1
6985 39.1
6984 39.2
6983 39.2
6982 39.1
6981 39.2
6980 39.3
6979 39.4
6978 39.4
6977 39.3
6976 39.3
6975 39.5
6974 39.3
6973 39.3
6972 39.5
6971 39.4
6970 39.5
6969 39.5
6968 39.6
6967 39.6
6966 39.6
6965 39.5
6964 39.5
6963 39.6
6962 39.5
6961 39.3
6960 39.3
6959 39.3
6958 39.4
6957 39.4
6956 39.4
6955 39.4
6954 39.4
6953 39.4
6952 39.5
6951 39.4
6950 39.5
6949 39.6
6948 39.5
6947 39.7
6946 39.7
6945 39.6
6944 39.6
6943 39.5
6942 39.8
6941 39.7
6940 39.7
6939 39.8
6938 39.9
6937 39.8
6936 39.8
6935 39.9
6934 39.9
6933 39.9
6932 39.9
6931 39.9
6930 39.9
6929 40
6928 39.9
6927 40
6926 40.1
6925 40
6924 40.1
6923 40.1
6922 40.1
6921 40.1
6920 40.2
6919 40.2
6918 40
6917 40
6916 40.1
6915 40.1
6914 40.1
6913 40.2
6912 40.2
6911 40.1
6910 40.1
6909 40.1
6908 40.2
6907 40.2
6906 40.1
6905 40.1
6904 40.1
6903 40.2
6902 40.3
6901 40.2
6900 40.3
6899 40.5
6898 40.5
6897 40.6
6896 40.7
6895 40.9
6894 40.8
6893 41
6892 41
6891 41.1
6890 41.1
6889 41.2
6888 41.2
6887 41.2
6886 41.2
6885 41.2
6884 41.3
6883 41.3
6882 41.2
6881 41.2
6880 41.3
6879 41.4
6878 41.3
6877 41.4
6876 41.4
6875 41.5
6874 41.4
6873 41.5
6872 41.5
6871 41.6
6870 41.5
6869 41.5
6868 41.6
6867 41.6
6866 41.6
6865 41.6
6864 41.6
6863 41.6
6862 41.5
6861 41.5
6860 41.4
6859 41.5
6858 41.4
6857 41.4
6856 41.4
6855 41.4
6854 41.4
6853 41.4
6852 41.5
6851 41.4
6850 41.5
6849 41.6
6848 41.6
6847 41.8
6846 41.7
6845 41.6
6844 41.7
6843 41.6
6842 41.7
6841 41.8
6840 41.7
6839 41.8
6838 41.9
6837 41.9
6836 41.8
6835 41.9
6834 41.9
6833 41.8
6832 41.9
6831 41.9
6830 42
6829 42
6828 42
6827 42
6826 42.1
6825 42.2
6824 42.1
6823 42
6822 42.1
6821 42.1
6820 42.1
6819 42.2
6818 42
6817 42
6816 42
6815 42
6814 42
6813 42.2
6812 42.1
6811 42
6810 42.1
6809 42.1
6808 42.1
6807 42.1
6806 42.1
6805 42.1
6804 42.1
6803 42.2
6802 42.2
6801 42.1
6800 42.2
6799 42.5
6798 42.6
6797 42.7
6796 42.6
6795 42.8
6794 42.8
6793 42.9
6792 43
6791 43
6790 43
6789 43.1
6788 43.1
6787 43.1
6786 43.2
6785 43.2
6784 43.1
6783 43.1
6782 43.1
6781 43.2
6780 43.3
6779 43.3
6778 43.3
6777 43.3
6776 43.4
6775 43.5
6774 43.4
6773 43.4
6772 43.5
6771 43.5
6770 43.5
6769 43.5
6768 43.5
6767 43.5
6766 43.5
6765 43.4
6764 43.5
6763 43.5
6762 43.4
6761 43.3
6760 43.3
6759 43.3
6758 43.3
6757 43.3
6756 43.2
6755 43.3
6754 43.4
6753 43.4
6752 43.4
6751 43.4
6750 43.5
6749 43.6
6748 43.6
6747 43.7
6746 43.6
6745 43.6
6744 43.6
6743 43.5
6742 43.6
6741 43.6
6740 43.7
6739 43.8
6738 43.8
6737 43.8
6736 43.7
6735 43.8
6734 43.9
6733 43.8
6732 43.9
6731 43.7
6730 43.9
6729 43.9
6728 44
6727 43.9
6726 44
6725 44.1
6724 44
6723 44
6722 44
6721 44
6720 44
6719 44
6718 43.9
6717 43.9
6716 44
6715 43.9
6714 44
6713 44.1
6712 44.1
6711 44
6710 44
6709 44.1
6708 44
6707 44
6706 44
6705 44
6704 43.9
6703 44
6702 44.2
6701 44.1
6700 44.1
6699 44.4
6698 44.5
6697 44.5
6696 44.5
6695 44.7
6694 44.7
6693 44.8
6692 44.8
6691 44.9
6690 45
6689 45
6688 45
6687 45.1
6686 45.1
6685 45.1
6684 45
6683 45.2
6682 45.1
6681 45
6680 45.2
6679 45.2
6678 45.2
6677 45.2
6676 45.2
6675 45.4
6674 45.2
6673 45.2
6672 45.3
6671 45.3
6670 45.3
6669 45.4
6668 45.4
6667 45.4
6666 45.3
6665 45.3
6664 45.4
6663 45.4
6662 45.3
6661 45.2
6660 45.2
6659 45.2
6658 45.2
6657 45.2
6656 45.2
6655 45.2
6654 45.2
6653 45.3
6652 45.3
6651 45.3
6650 45.4
6649 45.4
6648 45.4
6647 45.6
6646 45.5
6645 45.5
6644 45.4
6643 45.4
6642 45.5
6641 45.5
6640 45.6
6639 45.6
6638 45.7
6637 45.6
6636 45.6
6635 45.7
6634 45.7
6633 45.6
6632 45.7
6631 45.6
6630 45.7
6629 45.8
6628 45.8
6627 45.9
6626 45.9
6625 45.9
6624 45.8
6623 45.8
6622 45.8
6621 45.9
6620 45.9
6619 46
6618 45.8
6617 45.7
6616 45.9
6615 45.9
6614 45.8
6613 45.9
6612 46
6611 45.8
6610 45.9
6609 45.9
6608 45.9
6607 46
6606 45.9
6605 45.8
6604 45.7
6603 45.9
6602 46
6601 46
6600 46
6599 46.3
6598 46.4
6597 46.4
6596 46.5
6595 46.5
6594 46.6
6593 46.7
6592 46.8
6591 46.9
6590 46.9
6589 47
6588 47
6587 47
6586 47
6585 47
6584 47
6583 47.1
6582 46.9
6581 47
6580 47.1
6579 47.1
6578 47.2
6577 47.1
6576 47.1
6575 47.3
6574 47.1
6573 47.2
6572 47.3
6571 47.2
6570 47.2
6569 47.3
6568 47.4
6567 47.3
6566 47.3
6565 47.3
6564 47.3
6563 47.3
6562 47.2
6561 47.1
6560 47.1
6559 47.1
6558 47.1
6557 47.1
6556 47.1
6555 47.1
6554 47.1
6553 47.1
6552 47.2
6551 47.1
6550 47.2
6549 47.4
6548 47.3
6547 47.4
6546 47.4
6545 47.4
6544 47.4
6543 47.3
6542 47.4
6541 47.5
6540 47.5
6539 47.6
6538 47.7
6537 47.7
6536 47.6
6535 47.7
6534 47.8
6533 47.7
6532 47.7
6531 47.7
6530 47.7
6529 47.7
6528 47.8
6527 47.9
6526 47.9
6525 47.9
6524 47.8
6523 47.8
6522 47.9
6521 47.9
6520 48
6519 48
6518 47.9
6517 47.8
6516 47.8
6515 47.9
6514 47.9
6513 48
6512 47.9
6511 47.8
6510 47.9
6509 48
6508 47.9
6507 47.9
6506 47.8
6505 47.7
6504 47.8
6503 47.9
6502 47.9
6501 47.9
6500 48
6499 48.2
6498 48.3
6497 48.4
6496 48.4
6495 48.6
6494 48.6
6493 48.6
6492 48.8
6491 48.8
6490 48.9
6489 48.9
6488 49
6487 49
6486 48.9
6485 48.9
6484 48.9
6483 48.9
6482 49
6481 48.9
6480 49
6479 49.1
6478 49.1
6477 49.1
6476 49.1
6475 49.2
6474 49
6473 49.1
6472 49.1
6471 49.1
6470 49.2
6469 49.2
6468 49.2
6467 49.3
6466 49.2
6465 49.1
6464 49.1
6463 49.2
6462 49.1
6461 49
6460 48.8
6459 49
6458 49
6457 48.9
6456 48.9
6455 49
6454 49
6453 49
6452 49
6451 49.1
6450 49.1
6449 49.3
6448 49.2
6447 49.3
6446 49.3
6445 49.2
6444 49.2
6443 49.1
6442 49.2
6441 49.3
6440 49.3
6439 49.4
6438 49.4
6437 49.4
6436 49.3
6435 49.4
6434 49.5
6433 49.4
6432 49.4
6431 49.4
6430 49.4
6429 49.5
6428 49.5
6427 49.6
6426 49.6
6425 49.7
6424 49.6
6423 49.6
6422 49.6
6421 49.6
6420 49.7
6419 49.7
6418 49.5
6417 49.4
6416 49.4
6415 49.5
6414 49.5
6413 49.6
6412 49.5
6411 49.4
6410 49.5
6409 49.7
6408 49.6
6407 49.6
6406 49.6
6405 49.5
6404 49.4
6403 49.5
6402 49.6
6401 49.6
6400 49.7
6399 49.9
6398 50
6397 50.1
6396 50.2
6395 50.2
6394 50.3
6393 50.4
6392 50.4
6391 50.6
6390 50.5
6389 50.6
6388 50.6
6387 50.7
6386 50.6
6385 50.6
6384 50.5
6383 50.7
6382 50.7
6381 50.6
6380 50.7
6379 50.7
6378 50.8
6377 50.8
6376 50.7
6375 50.9
6374 50.8
6373 50.8
6372 50.9
6371 50.8
6370 50.9
6369 51
6368 51
6367 51
6366 51
6365 50.8
6364 50.9
6363 51
6362 50.9
6361 50.8
6360 50.7
6359 50.7
6358 50.8
6357 50.7
6356 50.8
6355 50.7
6354 50.7
6353 50.7
6352 50.9
6351 50.8
6350 50.9
6349 51
6348 50.9
6347 51.1
6346 51.1
6345 51
6344 51
6343 50.8
6342 51.1
6341 51.1
6340 51
6339 51.2
6338 51.3
6337 51.2
6336 51.2
6335 51.2
6334 51.3
6333 51.2
6332 51.3
6331 51.3
6330 51.3
6329 51.3
6328 51.4
6327 51.4
6326 51.4
6325 51.4
6324 51.4
6323 51.4
6322 51.4
6321 51.4
6320 51.5
6319 51.5
6318 51.3
6317 51.3
6316 51.3
6315 51.5
6314 51.4
6313 51.4
6312 51.5
6311 51.3
6310 51.4
6309 51.5
6308 51.4
6307 51.5
6306 51.4
6305 51.3
6304 51.3
6303 51.4
6302 51.4
6301 51.4
6300 51.5
6299 51.7
6298 51.9
6297 52
6296 52.1
6295 52.1
6294 52.1
6293 52.3
6292 52.4
6291 52.6
6290 52.5
6289 52.6
6288 52.6
6287 52.5
6286 52.5
6285 52.6
6284 52.6
6283 52.6
6282 52.5
6281 52.6
6280 52.8
6279 52.7
6278 52.7
6277 52.7
6276 52.7
6275 52.9
6274 52.8
6273 52.8
6272 52.8
6271 52.8
6270 52.8
6269 52.9
6268 53
6267 52.9
6266 52.9
6265 52.7
6264 52.8
6263 52.9
6262 52.7
6261 52.6
6260 52.5
6259 52.7
6258 52.7
6257 52.6
6256 52.7
6255 52.6
6254 52.7
6253 52.6
6252 52.7
6251 52.7
6250 52.8
6249 52.9
6248 53
6247 53
6246 52.9
6245 52.9
6244 52.8
6243 52.8
6242 53
6241 53
6240 53
6239 53.2
6238 53.2
6237 53.1
6236 53.1
6235 53.1
6234 53.3
6233 53.2
6232 53.2
6231 53.1
6230 53.2
6229 53.2
6228 53.2
6227 53.3
6226 53.4
6225 53.3
6224 53.4
6223 53.2
6222 53.2
6221 53.2
6220 53.4
6219 53.3
6218 53.2
6217 53.2
6216 53.2
6215 53.4
6214 53.3
6213 53.4
6212 53.4
6211 53.2
6210 53.3
6209 53.4
6208 53.3
6207 53.4
6206 53.4
6205 53.2
6204 53.2
6203 53.3
6202 53.4
6201 53.4
6200 53.5
6199 53.7
6198 53.8
6197 53.8
6196 53.9
6195 54.1
6194 54.1
6193 54.2
6192 54.3
6191 54.5
6190 54.5
6189 54.4
6188 54.5
6187 54.5
6186 54.5
6185 54.5
6184 54.5
6183 54.5
6182 54.5
6181 54.5
6180 54.7
6179 54.6
6178 54.6
6177 54.6
6176 54.7
6175 54.7
6174 54.7
6173 54.6
6172 54.7
6171 54.7
6170 54.7
6169 54.8
6168 54.8
6167 54.8
6166 54.7
6165 54.8
6164 54.9
6163 54.8
6162 54.7
6161 54.5
6160 54.4
6159 54.5
6158 54.7
6157 54.6
6156 54.5
6155 54.6
6154 54.6
6153 54.6
6152 54.8
6151 54.7
6150 54.7
6149 54.8
6148 54.8
6147 54.9
6146 54.8
6145 54.8
6144 54.8
6143 54.8
6142 55
6141 55
6140 54.9
6139 55
6138 55.1
6137 55.1
6136 55.1
6135 55
6134 55.1
6133 55
6132 55.1
6131 55
6130 55.1
6129 55.1
6128 55.2
6127 55.2
6126 55.2
6125 55.2
6124 55.3
6123 55.1
6122 55.2
6121 55.2
6120 55.2
6119 55.3
6118 55.1
6117 55.1
6116 55.2
6115 55.3
6114 55.2
6113 55.3
6112 55.2
6111 55
6110 55.2
6109 55.3
6108 55.1
6107 55.1
6106 55.1
6105 55
6104 55
6103 55.2
6102 55.3
6101 55.2
6100 55.3
6099 55.5
6098 55.6
6097 55.7
6096 55.7
6095 55.9
6094 55.9
6093 56
6092 56.1
6091 56.3
6090 56.2
6089 56.3
6088 56.3
6087 56.3
6086 56.3
6085 56.3
6084 56.3
6083 56.4
6082 56.3
6081 56.3
6080 56.4
6079 56.5
6078 56.4
6077 56.4
6076 56.5
6075 56.5
6074 56.5
6073 56.4
6072 56.4
6071 56.5
6070 56.6
6069 56.6
6068 56.6
6067 56.6
6066 56.5
6065 56.5
6064 56.4
6063 56.5
6062 56.4
6061 56.3
6060 56.2
6059 56.2
6058 56.3
6057 56.2
6056 56.2
6055 56.2
6054 56.2
6053 56.2
6052 56.4
6051 56.3
6050 56.4
6049 56.6
6048 56.5
6047 56.6
6046 56.6
6045 56.5
6044 56.5
6043 56.5
6042 56.5
6041 56.6
6040 56.6
6039 56.6
6038 56.7
6037 56.7
6036 56.6
6035 56.7
6034 56.8
6033 56.7
6032 56.8
6031 56.8
6030 56.8
6029 56.8
6028 56.8
6027 56.8
6026 56.9
6025 56.9
6024 56.8
6023 56.9
6022 57
6021 57
6020 57
6019 57
6018 56.9
6017 56.8
6016 56.9
6015 56.9
6014 56.9
6013 57
6012 57
6011 56.8
6010 56.8
6009 57
6008 56.9
6007 56.9
6006 56.8
6005 56.8
6004 56.8
6003 56.8
6002 56.9
6001 56.9
6000 57
5999 57.3
5998 57.4
5997 57.5
5996 57.5
5995 57.6
5994 57.7
5993 57.8
5992 57.9
5991 58
5990 58
5989 58.1
5988 58.1
5987 58.1
5986 58
5985 58.1
5984 58
5983 58.1
5982 58
5981 58.1
5980 58.2
5979 58.2
5978 58.2
5977 58.3
5976 58.2
5975 58.3
5974 58.2
5973 58.2
5972 58.3
5971 58.3
5970 58.3
5969 58.3
5968 58.4
5967 58.4
5966 58.4
5965 58.2
5964 58.4
5963 58.3
5962 58.2
5961 58
5960 57.8
5959 58
5958 58.1
5957 58.1
5956 58
5955 58
5954 58
5953 57.9
5952 58.1
5951 58
5950 58.1
5949 58.3
5948 58.2
5947 58.3
5946 58.3
5945 58.2
5944 58.2
5943 58.2
5942 58.2
5941 58.3
5940 58.3
5939 58.4
5938 58.5
5937 58.4
5936 58.3
5935 58.4
5934 58.5
5933 58.4
5932 58.5
5931 58.4
5930 58.5
5929 58.5
5928 58.5
5927 58.6
5926 58.6
5925 58.6
5924 58.6
5923 58.6
5922 58.6
5921 58.6
5920 58.7
5919 58.6
5918 58.5
5917 58.6
5916 58.6
5915 58.7
5914 58.6
5913 58.7
5912 58.6
5911 58.4
5910 58.6
5909 58.6
5908 58.7
5907 58.6
5906 58.6
5905 58.4
5904 58.5
5903 58.6
5902 58.7
5901 58.6
5900 58.7
5899 58.9
5898 59
5897 59
5896 59.1
5895 59.3
5894 59.3
5893 59.5
5892 59.6
5891 59.6
5890 59.5
5889 59.7
5888 59.7
5887 59.7
5886 59.7
5885 59.6
5884 59.7
5883 59.7
5882 59.7
5881 59.7
5880 59.8
5879 59.8
5878 59.9
5877 59.8
5876 59.8
5875 60
5874 59.8
5873 59.9
5872 59.9
5871 59.8
5870 59.9
5869 60
5868 59.9
5867 60
5866 60
5865 59.9
5864 60
5863 60
5862 59.8
5861 59.7
5860 59.6
5859 59.7
5858 59.7
5857 59.7
5856 59.6
5855 59.6
5854 59.6
5853 59.7
5852 59.7
5851 59.6
5850 59.7
5849 59.9
5848 59.9
5847 60
5846 59.9
5845 59.9
5844 59.8
5843 59.8
5842 59.9
5841 60
5840 60
5839 60.1
5838 60.1
5837 60.1
5836 60.1
5835 60.1
5834 60.1
5833 60
5832 60.1
5831 60
5830 60.1
5829 60.1
5828 60.2
5827 60.2
5826 60.2
5825 60.2
5824 60.2
5823 60.2
5822 60.2
5821 60.2
5820 60.2
5819 60.2
5818 60.1
5817 60
5816 60.1
5815 60.2
5814 60.2
5813 60.2
5812 60.1
5811 60
5810 60.1
5809 60.2
5808 60.1
5807 60.1
5806 60.1
5805 60
5804 60
5803 60.1
5802 60.1
5801 60.1
5800 60.2
5799 60.6
5798 60.7
5797 60.7
5796 60.8
5795 60.9
5794 61
5793 61
5792 61.1
5791 61.2
5790 61.2
5789 61.4
5788 61.3
5787 61.4
5786 61.4
5785 61.3
5784 61.3
5783 61.3
5782 61.3
5781 61.3
5780 61.4
5779 61.5
5778 61.5
5777 61.6
5776 61.5
5775 61.6
5774 61.5
5773 61.4
5772 61.7
5771 61.5
5770 61.6
5769 61.6
5768 61.6
5767 61.7
5766 61.7
5765 61.6
5764 61.6
5763 61.6
5762 61.4
5761 61.3
5760 61.2
5759 61.3
5758 61.4
5757 61.3
5756 61.2
5755 61.2
5754 61.3
5753 61.3
5752 61.4
5751 61.3
5750 61.4
5749 61.6
5748 61.5
5747 61.6
5746 61.6
5745 61.5
5744 61.4
5743 61.4
5742 61.6
5741 61.6
5740 61.6
5739 61.6
5738 61.7
5737 61.8
5736 61.7
5735 61.7
5734 61.8
5733 61.7
5732 61.7
5731 61.7
5730 61.9
5729 61.8
5728 61.9
5727 61.9
5726 61.9
5725 62
5724 61.9
5723 61.9
5722 61.9
5721 62
5720 62
5719 61.9
5718 61.8
5717 61.8
5716 61.8
5715 62
5714 61.8
5713 61.9
5712 61.9
5711 61.7
5710 61.8
5709 61.9
5708 61.8
5707 61.8
5706 61.8
5705 61.7
5704 61.7
5703 61.9
5702 61.9
5701 61.8
5700 62
5699 62.2
5698 62.3
5697 62.3
5696 62.4
5695 62.7
5694 62.7
5693 62.8
5692 62.8
5691 62.9
5690 62.9
5689 63
5688 63
5687 63
5686 63.1
5685 63
5684 63
5683 63
5682 63
5681 63
5680 63.1
5679 63.2
5678 63.1
5677 63.2
5676 63.1
5675 63.2
5674 63.2
5673 63.1
5672 63.3
5671 63.1
5670 63.3
5669 63.3
5668 63.3
5667 63.3
5666 63.3
5665 63.2
5664 63.1
5663 63.3
5662 63.1
5661 63
5660 62.9
5659 63
5658 63
5657 63
5656 62.9
5655 63
5654 63
5653 63
5652 63.1
5651 63
5650 63
5649 63.3
5648 63.3
5647 63.3
5646 63.3
5645 63.2
5644 63.2
5643 63.1
5642 63.3
5641 63.3
5640 63.3
5639 63.4
5638 63.4
5637 63.5
5636 63.4
5635 63.4
5634 63.4
5633 63.3
5632 63.4
5631 63.4
5630 63.5
5629 63.5
5628 63.4
5627 63.5
5626 63.5
5625 63.5
5624 63.6
5623 63.5
5622 63.5
5621 63.5
5620 63.6
5619 63.5
5618 63.4
5617 63.4
5616 63.5
5615 63.5
5614 63.5
5613 63.5
5612 63.6
5611 63.3
5610 63.4
5609 63.4
5608 63.5
5607 63.5
5606 63.5
5605 63.3
5604 63.2
5603 63.4
5602 63.5
5601 63.4
5600 63.5
5599 63.7
5598 63.9
5597 64
5596 64.1
5595 64.2
5594 64.3
5593 64.4
5592 64.4
5591 64.6
5590 64.6
5589 64.6
5588 64.7
5587 64.8
5586 64.7
5585 64.6
5584 64.7
5583 64.7
5582 64.6
5581 64.6
5580 64.8
5579 64.7
5578 64.7
5577 64.8
5576 64.7
5575 64.9
5574 64.8
5573 64.7
5572 64.9
5571 64.8
5570 64.8
5569 65
5568 64.9
5567 65
5566 64.9
5565 64.9
5564 65
5563 64.9
5562 64.7
5561 64.5
5560 64.5
5559 64.6
5558 64.6
5557 64.6
5556 64.6
5555 64.5
5554 64.5
5553 64.5
5552 64.6
5551 64.7
5550 64.7
5549 64.8
5548 64.8
5547 64.9
5546 64.9
5545 64.7
5544 64.7
5543 64.7
5542 64.8
5541 64.9
5540 64.8
5539 64.8
5538 65
5537 64.9
5536 64.8
5535 65
5534 65
5533 64.9
5532 64.9
5531 64.9
5530 65
5529 65
5528 65
5527 65
5526 65
5525 65.1
5524 65.1
5523 65
5522 65
5521 65.1
5520 65.1
5519 65.2
5518 64.9
5517 65
5516 65
5515 65.1
5514 65
5513 65
5512 65.1
5511 64.9
5510 65
5509 65
5508 65
5507 65
5506 64.9
5505 64.8
5504 64.7
5503 64.9
5502 65
5501 64.9
5500 65
5499 65.4
5498 65.4
5497 65.5
5496 65.4
5495 65.7
5494 65.8
5493 65.9
5492 66
5491 66.1
5490 66.1
5489 66.1
5488 66.2
5487 66.3
5486 66.2
5485 66.1
5484 66
5483 66.1
5482 66.1
5481 66.1
5480 66.2
5479 66.2
5478 66.2
5477 66.2
5476 66.2
5475 66.3
5474 66.2
5473 66.2
5472 66.3
5471 66.2
5470 66.3
5469 66.4
5468 66.4
5467 66.4
5466 66.3
5465 66.3
5464 66.3
5463 66.3
5462 66.1
5461 66
5460 65.8
5459 65.9
5458 66
5457 65.9
5456 65.9
5455 66
5454 66
5453 66
5452 66.1
5451 66
5450 66
5449 66.3
5448 66.2
5447 66.3
5446 66.3
5445 66.2
5444 66.1
5443 66.1
5442 66.3
5441 66.4
5440 66.3
5439 66.3
5438 66.5
5437 66.5
5436 66.3
5435 66.4
5434 66.5
5433 66.4
5432 66.4
5431 66.4
5430 66.5
5429 66.5
5428 66.5
5427 66.5
5426 66.7
5425 66.7
5424 66.7
5423 66.6
5422 66.6
5421 66.7
5420 66.8
5419 66.7
5418 66.7
5417 66.6
5416 66.6
5415 66.7
5414 66.7
5413 66.8
5412 66.8
5411 66.5
5410 66.7
5409 66.9
5408 66.8
5407 66.8
5406 66.9
5405 66.7
5404 66.7
5403 66.8
5402 66.9
5401 66.9
5400 67.2
5399 67.5
5398 67.7
5397 67.7
5396 67.8
5395 67.9
5394 68
5393 68.2
5392 68.3
5391 68.5
5390 68.5
5389 68.6
5388 68.6
5387 68.7
5386 68.7
5385 68.7
5384 68.7
5383 68.8
5382 68.8
5381 68.8
5380 69
5379 69
5378 69.1
5377 69.2
5376 69.2
5375 69.3
5374 69.2
5373 69.3
5372 69.5
5371 69.4
5370 69.4
5369 69.6
5368 69.6
5367 69.6
5366 69.6
5365 69.5
5364 69.5
5363 69.5
5362 69.4
5361 69.3
5360 69.1
5359 69.3
5358 69.4
5357 69.4
5356 69.3
5355 69.3
5354 69.3
5353 69.5
5352 69.5
5351 69.5
5350 69.6
5349 69.8
5348 69.7
5347 69.6
5346 69.6
5345 69.3
5344 69.2
5343 69.1
5342 69.2
5341 69.2
5340 69
5339 69.1
5338 69
5337 69
5336 68.9
5335 68.9
5334 68.9
5333 68.7
5332 68.7
5331 68.6
5330 68.5
5329 68.5
5328 68.5
5327 68.6
5326 68.6
5325 68.6
5324 68.6
5323 68.5
5322 68.4
5321 68.5
5320 68.5
5319 68.5
5318 68.2
5317 68.2
5316 68.3
5315 68.4
5314 68.3
5313 68.4
5312 68.2
5311 68
5310 68
5309 68.2
5308 68.2
5307 68
5306 68
5305 67.9
5304 67.8
5303 68
5302 68
5301 68
5300 68.1
5299 68.4
5298 68.5
5297 68.6
5296 68.7
5295 68.8
5294 68.8
5293 68.9
5292 69
5291 69.2
5290 69.2
5289 69.3
5288 69.3
5287 69.3
5286 69.2
5285 69.2
5284 69.1
5283 69.1
5282 69
5281 69.1
5280 69.2
5279 69.2
5278 69.2
5277 69.1
5276 69.1
5275 69.3
5274 69.1
5273 69.1
5272 69.1
5271 69.1
5270 69.1
5269 69.2
5268 69.3
5267 69.2
5266 69.2
5265 69.1
5264 69.2
5263 69.2
5262 69
5261 68.8
5260 68.7
5259 68.9
5258 68.8
5257 68.7
5256 68.7
5255 68.7
5254 68.8
5253 68.8
5252 68.9
5251 68.8
5250 68.9
5249 69
5248 69
5247 69.1
5246 69.1
5245 68.9
5244 68.9
5243 68.8
5242 69
5241 69
5240 69
5239 69
5238 69.2
5237 69
5236 69
5235 69
5234 69.1
5233 68.9
5232 69.1
5231 68.9
5230 69.1
5229 69.1
5228 69.2
5227 69.3
5226 69.2
5225 69.2
5224 69.2
5223 69.1
5222 69.1
5221 69.2
5220 69.2
5219 69.2
5218 69
5217 68.8
5216 69.1
5215 69.1
5214 68.9
5213 69
5212 69
5211 68.8
5210 68.9
5209 69
5208 68.9
5207 69
5206 69
5205 68.8
5204 68.7
5203 68.8
5202 68.9
5201 68.8
5200 69
5199 69.3
5198 69.4
5197 69.4
5196 69.5
5195 69.7
5194 69.7
5193 69.8
5192 69.9
5191 70.1
5190 70.1
5189 70.1
5188 70.2
5187 70.1
5186 70.1
5185 70
5184 70
5183 70.1
5182 70
5181 70
5180 70.2
5179 70.2
5178 70.2
5177 70.2
5176 70.2
5175 70.2
5174 70.2
5173 70.2
5172 70.3
5171 70.2
5170 70.3
5169 70.4
5168 70.3
5167 70.4
5166 70.4
5165 70.2
5164 70.2
5163 70.3
5162 70
5161 69.9
5160 69.8
5159 69.9
5158 69.9
5157 70
5156 69.9
5155 69.9
5154 70
5153 69.9
5152 70
5151 69.9
5150 70
5149 70.2
5148 70.2
5147 70.2
5146 70.3
5145 70.1
5144 70
5143 70
5142 70.1
5141 70.1
5140 70.2
5139 70.2
5138 70.3
5137 70.3
5136 70.2
5135 70.3
5134 70.3
5133 70.1
5132 70.3
5131 70.2
5130 70.3
5129 70.3
5128 70.3
5127 70.4
5126 70.4
5125 70.4
5124 70.3
5123 70.2
5122 70.3
5121 70.4
5120 70.4
5119 70.3
5118 70.1
5117 70.2
5116 70.2
5115 70.3
5114 70.2
5113 70.2
5112 70.2
5111 70
5110 70.1
5109 70.2
5108 70.2
5107 70.1
5106 70.2
5105 70
5104 69.9
5103 70
5102 70.1
5101 70.1
5100 70.3
5099 70.5
5098 70.6
5097 70.7
5096 70.8
5095 70.8
5094 70.9
5093 71
5092 71.2
5091 71.3
5090 71.2
5089 71.3
5088 71.3
5087 71.4
5086 71.4
5085 71.3
5084 71.1
5083 71.3
5082 71.3
5081 71.2
5080 71.4
5079 71.4
5078 71.3
5077 71.3
5076 71.3
5075 71.4
5074 71.4
5073 71.4
5072 71.5
5071 71.3
5070 71.5
5069 71.5
5068 71.5
5067 71.5
5066 71.5
5065 71.3
5064 71.4
5063 71.4
5062 71.3
5061 71
5060 70.9
5059 71
5058 71.1
5057 71
5056 71
5055 71
5054 71
5053 71
5052 71.2
5051 71.1
5050 71.2
5049 71.4
5048 71.3
5047 71.4
5046 71.4
5045 71.2
5044 71.2
5043 71.2
5042 71.3
5041 71.3
5040 71.3
5039 71.4
5038 71.5
5037 71.4
5036 71.3
5035 71.4
5034 71.5
5033 71.3
5032 71.4
5031 71.3
5030 71.5
5029 71.5
5028 71.5
5027 71.5
5026 71.5
5025 71.6
5024 71.5
5023 71.5
5022 71.5
5021 71.6
5020 71.6
5019 71.6
5018 71.4
5017 71.4
5016 71.3
5015 71.4
5014 71.4
5013 71.4
5012 71.4
5011 71.2
5010 71.3
5009 71.4
5008 71.4
5007 71.3
5006 71.3
5005 71.1
5004 71.1
5003 71.2
5002 71.2
5001 71.2
5000 71.4
4999 71.6
4998 71.8
4997 71.8
4996 72
4995 72.1
4994 72.1
4993 72.2
4992 72.3
4991 72.4
4990 72.4
4989 72.6
4988 72.6
4987 72.7
4986 72.5
4985 72.4
4984 72.4
4983 72.5
4982 72.4
4981 72.4
4980 72.6
4979 72.6
4978 72.6
4977 72.6
4976 72.5
4975 72.6
4974 72.5
4973 72.6
4972 72.7
4971 72.6
4970 72.7
4969 72.7
4968 72.7
4967 72.8
4966 72.6
4965 72.6
4964 72.6
4963 72.6
4962 72.4
4961 72.2
4960 72.1
4959 72.2
4958 72.3
4957 72.2
4956 72.2
4955 72.1
4954 72.2
4953 72.2
4952 72.3
4951 72.2
4950 72.3
4949 72.5
4948 72.5
4947 72.5
4946 72.6
4945 72.3
4944 72.3
4943 72.2
4942 72.4
4941 72.4
4940 72.4
4939 72.5
4938 72.7
4937 72.6
4936 72.5
4935 72.5
4934 72.6
4933 72.4
4932 72.5
4931 72.4
4930 72.5
4929 72.6
4928 72.8
4927 72.7
4926 72.7
4925 72.7
4924 72.7
4923 72.6
4922 72.6
4921 72.6
4920 72.7
4919 72.7
4918 72.5
4917 72.5
4916 72.6
4915 72.6
4914 72.5
4913 72.6
4912 72.5
4911 72.4
4910 72.4
4909 72.6
4908 72.5
4907 72.6
4906 72.4
4905 72.3
4904 72.3
4903 72.5
4902 72.5
4901 72.4
4900 72.6
4899 72.8
4898 73.1
4897 73.1
4896 73.1
4895 73.4
4894 73.4
4893 73.4
4892 73.6
4891 73.7
4890 73.7
4889 73.7
4888 73.8
4887 73.9
4886 73.7
4885 73.7
4884 73.6
4883 73.7
4882 73.6
4881 73.5
4880 73.7
4879 73.8
4878 73.8
4877 73.8
4876 73.8
4875 73.9
4874 73.8
4873 73.8
4872 73.9
4871 73.8
4870 73.8
4869 74
4868 73.9
4867 74
4866 74
4865 73.8
4864 73.8
4863 73.9
4862 73.7
4861 73.4
4860 73.4
4859 73.5
4858 73.5
4857 73.3
4856 73.4
4855 73.4
4854 73.5
4853 73.5
4852 73.5
4851 73.4
4850 73.6
4849 73.7
4848 73.7
4847 73.7
4846 73.8
4845 73.6
4844 73.6
4843 73.4
4842 73.8
4841 73.8
4840 73.8
4839 73.9
4838 73.9
4837 73.8
4836 73.8
4835 73.8
4834 73.9
4833 73.6
4832 73.8
4831 73.7
4830 73.8
4829 73.8
4828 73.9
4827 73.9
4826 73.9
4825 73.9
4824 73.9
4823 73.8
4822 73.8
4821 73.8
4820 73.9
4819 73.8
4818 73.7
4817 73.6
4816 73.8
4815 73.8
4814 73.6
4813 73.8
4812 73.6
4811 73.4
4810 73.6
4809 73.7
4808 73.6
4807 73.7
4806 73.6
4805 73.5
4804 73.4
4803 73.5
4802 73.7
4801 73.6
4800 73.8
4799 74
4798 74.2
4797 74.2
4796 74.4
4795 74.4
4794 74.5
4793 74.7
4792 74.7
4791 74.9
4790 74.8
4789 74.8
4788 75
4787 75
4786 74.9
4785 74.8
4784 74.8
4783 74.9
4782 74.8
4781 74.8
4780 75
4779 74.9
4778 75
4777 75
4776 75
4775 75.1
4774 75.1
4773 74.9
4772 75
4771 75
4770 75.1
4769 75.2
4768 75.1
4767 75.2
4766 75.1
4765 75
4764 75
4763 75.1
4762 74.9
4761 74.6
4760 74.6
4759 74.7
4758 74.7
4757 74.6
4756 74.6
4755 74.6
4754 74.6
4753 74.7
4752 74.8
4751 74.7
4750 74.8
4749 74.9
4748 75
4747 75
4746 75
4745 75
4744 74.9
4743 74.8
4742 74.9
4741 75
4740 74.9
4739 75
4738 75.1
4737 75.1
4736 75.1
4735 75.1
4734 75.2
4733 74.9
4732 75.1
4731 75
4730 75.1
4729 75.1
4728 75.2
4727 75.3
4726 75.3
4725 75.2
4724 75.2
4723 75.2
4722 75.2
4721 75.1
4720 75.2
4719 75.1
4718 75
4717 74.9
4716 75
4715 75
4714 75
4713 75
4712 75.1
4711 74.8
4710 74.9
4709 75
4708 74.9
4707 74.9
4706 74.9
4705 74.7
4704 74.7
4703 74.8
4702 74.9
4701 74.9
4700 75
4699 75.3
4698 75.5
4697 75.6
4696 75.7
4695 75.8
4694 75.9
4693 75.9
4692 75.9
4691 76.2
4690 76.1
4689 76.2
4688 76.3
4687 76.3
4686 76.2
4685 76.2
4684 76.1
4683 76.2
4682 76.1
4681 76.1
4680 76.2
4679 76.3
4678 76.3
4677 76.3
4676 76.2
4675 76.3
4674 76.2
4673 76.2
4672 76.4
4671 76.3
4670 76.3
4669 76.4
4668 76.4
4667 76.5
4666 76.5
4665 76.3
4664 76.3
4663 76.3
4662 76.2
4661 75.9
4660 75.9
4659 76
4658 75.9
4657 75.9
4656 75.9
4655 75.9
4654 75.9
4653 75.9
4652 76
4651 76
4650 76.1
4649 76.2
4648 76.2
4647 76.3
4646 76.2
4645 76.2
4644 76.1
4643 76
4642 76.2
4641 76.2
4640 76.3
4639 76.4
4638 76.3
4637 76.4
4636 76.3
4635 76.3
4634 76.4
4633 76.3
4632 76.3
4631 76.2
4630 76.4
4629 76.4
4628 76.5
4627 76.5
4626 76.4
4625 76.4
4624 76.4
4623 76.4
4622 76.4
4621 76.4
4620 76.5
4619 76.4
4618 76.2
4617 76.2
4616 76.2
4615 76.4
4614 76.2
4613 76.3
4612 76.3
4611 76
4610 76.1
4609 76.3
4608 76.2
4607 76.2
4606 76.1
4605 76.1
4604 75.9
4603 76
4602 76.1
4601 76.1
4600 76.3
4599 76.5
4598 76.7
4597 76.8
4596 76.9
4595 77.1
4594 77
4593 77.2
4592 77.2
4591 77.3
4590 77.4
4589 77.5
4588 77.6
4587 77.5
4586 77.4
4585 77.4
4584 77.3
4583 77.4
4582 77.3
4581 77.3
4580 77.5
4579 77.4
4578 77.4
4577 77.5
4576 77.4
4575 77.6
4574 77.5
4573 77.4
4572 77.6
4571 77.6
4570 77.5
4569 77.6
4568 77.6
4567 77.6
4566 77.6
4565 77.5
4564 77.6
4563 77.5
4562 77.3
4561 77.2
4560 77.1
4559 77.1
4558 77.1
4557 77.1
4556 77
4555 77.1
4554 77.2
4553 77.2
4552 77.3
4551 77.2
4550 77.3
4549 77.4
4548 77.4
4547 77.5
4546 77.5
4545 77.4
4544 77.3
4543 77.3
4542 77.5
4541 77.5
4540 77.3
4539 77.4
4538 77.6
4537 77.6
4536 77.5
4535 77.4
4534 77.5
4533 77.3
4532 77.5
4531 77.4
4530 77.6
4529 77.6
4528 77.6
4527 77.7
4526 77.6
4525 77.7
4524 77.7
4523 77.6
4522 77.6
4521 77.6
4520 77.7
4519 77.6
4518 77.4
4517 77.4
4516 77.4
4515 77.6
4514 77.5
4513 77.5
4512 77.5
4511 77.3
4510 77.4
4509 77.5
4508 77.4
4507 77.4
4506 77.4
4505 77.2
4504 77.1
4503 77.2
4502 77.3
4501 77.3
4500 77.5
4499 77.8
4498 77.9
4497 77.9
4496 77.9
4495 78.1
4494 78.2
4493 78.4
4492 78.5
4491 78.6
4490 78.5
4489 78.7
4488 78.7
4487 78.8
4486 78.6
4485 78.6
4484 78.5
4483 78.6
4482 78.5
4481 78.5
4480 78.6
4479 78.7
4478 78.7
4477 78.7
4476 78.7
4475 78.8
4474 78.6
4473 78.6
4472 78.8
4471 78.6
4470 78.7
4469 78.9
4468 78.9
4467 79
4466 78.9
4465 78.7
4464 78.8
4463 78.8
4462 78.6
4461 78.3
4460 78.2
4459 78.3
4458 78.4
4457 78.3
4456 78.3
4455 78.3
4454 78.3
4453 78.3
4452 78.4
4451 78.3
4450 78.5
4449 78.7
4448 78.7
4447 78.7
4446 78.6
4445 78.6
4444 78.5
4443 78.4
4442 78.6
4441 78.6
4440 78.5
4439 78.6
4438 78.7
4437 78.7
4436 78.5
4435 78.6
4434 78.7
4433 78.5
4432 78.7
4431 78.5
4430 78.6
4429 78.7
4428 78.8
4427 78.8
4426 78.8
4425 78.7
4424 78.7
4423 78.6
4422 78.7
4421 78.7
4420 78.7
4419 78.6
4418 78.5
4417 78.5
4416 78.5
4415 78.7
4414 78.7
4413 78.6
4412 78.6
4411 78.4
4410 78.5
4409 78.6
4408 78.5
4407 78.6
4406 78.5
4405 78.3
4404 78.2
4403 78.4
4402 78.4
4401 78.4
4400 78.6
4399 79
4398 79
4397 79.2
4396 79.1
4395 79.4
4394 79.5
4393 79.5
4392 79.6
4391 79.7
4390 79.7
4389 79.9
4388 79.9
4387 80
4386 79.9
4385 79.8
4384 79.7
4383 79.8
4382 79.8
4381 79.7
4380 79.9
4379 79.8
4378 79.8
4377 79.9
4376 79.8
4375 79.9
4374 79.8
4373 79.7
4372 79.9
4371 79.9
4370 79.8
4369 80
4368 80
4367 80
4366 80
4365 79.9
4364 79.9
4363 79.9
4362 79.8
4361 79.5
4360 79.4
4359 79.6
4358 79.6
4357 79.4
4356 79.5
4355 79.4
4354 79.5
4353 79.5
4352 79.7
4351 79.5
4350 79.6
4349 79.8
4348 79.8
4347 80
4346 79.8
4345 79.8
4344 79.6
4343 79.6
4342 79.8
4341 79.8
4340 79.7
4339 79.8
4338 79.9
4337 80
4336 79.9
4335 79.8
4334 79.9
4333 79.8
4332 79.9
4331 79.8
4330 79.9
4329 79.8
4328 79.9
4327 80
4326 80
4325 80
4324 80
4323 79.9
4322 79.9
4321 80
4320 80
4319 80
4318 79.8
4317 79.8
4316 79.8
4315 80
4314 79.8
4313 80
4312 79.9
4311 79.6
4310 79.8
4309 79.9
4308 79.8
4307 79.8
4306 79.7
4305 79.6
4304 79.6
4303 79.6
4302 79.7
4301 79.7
4300 80
4299 80.2
4298 80.4
4297 80.4
4296 80.5
4295 80.7
4294 80.7
4293 80.9
4292 80.9
4291 81.1
4290 81.1
4289 81.2
4288 81.3
4287 81.2
4286 81.2
4285 81.1
4284 81
4283 81.1
4282 81
4281 81
4280 81.2
4279 81.1
4278 81.2
4277 81.2
4276 81.3
4275 81.3
4274 81.3
4273 81.2
4272 81.4
4271 81.2
4270 81.2
4269 81.3
4268 81.4
4267 81.4
4266 81.4
4265 81.2
4264 81.3
4263 81.3
4262 81.1
4261 80.8
4260 80.7
4259 80.8
4258 80.9
4257 80.8
4256 80.8
4255 80.8
4254 80.9
4253 80.8
4252 81
4251 80.9
4250 81.1
4249 81.3
4248 81.2
4247 81.2
4246 81.2
4245 81.1
4244 81
4243 80.9
4242 81.1
4241 81.2
4240 81.1
4239 81.2
4238 81.3
4237 81.3
4236 81.2
4235 81.1
4234 81.3
4233 81.1
4232 81.1
4231 81
4230 81.2
4229 81.1
4228 81.3
4227 81.4
4226 81.3
4225 81.4
4224 81.3
4223 81.1
4222 81.2
4221 81.2
4220 81.2
4219 81.3
4218 81.1
4217 81
4216 81.1
4215 81.1
4214 81
4213 81.1
4212 81.1
4211 80.9
4210 81.1
4209 81.1
4208 81.1
4207 81
4206 81
4205 80.8
4204 80.7
4203 80.8
4202 80.9
4201 80.9
4200 81.2
4199 81.6
4198 81.6
4197 81.6
4196 81.7
4195 81.9
4194 81.9
4193 82.1
4192 82.3
4191 82.3
4190 82.3
4189 82.4
4188 82.5
4187 82.5
4186 82.5
4185 82.3
4184 82.2
4183 82.3
4182 82.2
4181 82.3
4180 82.4
4179 82.4
4178 82.5
4177 82.5
4176 82.4
4175 82.5
4174 82.4
4173 82.4
4172 82.5
4171 82.5
4170 82.5
4169 82.7
4168 82.7
4167 82.7
4166 82.7
4165 82.5
4164 82.5
4163 82.5
4162 82.3
4161 82.2
4160 82
4159 82.1
4158 82.1
4157 82.1
4156 82.1
4155 82.1
4154 82.1
4153 82.1
4152 82.2
4151 82.1
4150 82.2
4149 82.5
4148 82.4
4147 82.6
4146 82.6
4145 82.4
4144 82.3
4143 82.2
4142 82.4
4141 82.4
4140 82.4
4139 82.5
4138 82.6
4137 82.6
4136 82.5
4135 82.5
4134 82.6
4133 82.4
4132 82.5
4131 82.4
4130 82.5
4129 82.5
4128 82.5
4127 82.6
4126 82.6
4125 82.7
4124 82.6
4123 82.6
4122 82.5
4121 82.6
4120 82.7
4119 82.6
4118 82.5
4117 82.4
4116 82.5
4115 82.6
4114 82.5
4113 82.5
4112 82.5
4111 82.3
4110 82.4
4109 82.6
4108 82.5
4107 82.4
4106 82.4
4105 82.2
4104 82.1
4103 82.3
4102 82.3
4101 82.3
4100 82.5
4099 82.8
4098 83
4097 83.1
4096 83.1
4095 83.3
4094 83.4
4093 83.5
4092 83.6
4091 83.7
4090 83.7
4089 83.9
4088 83.8
4087 83.9
4086 83.8
4085 83.7
4084 83.6
4083 83.7
4082 83.7
4081 83.7
4080 83.8
4079 83.8
4078 83.8
4077 83.8
4076 83.8
4075 84
4074 83.7
4073 83.7
4072 83.9
4071 83.8
4070 83.9
4069 84
4068 84
4067 84.1
4066 84
4065 83.9
4064 83.9
4063 83.9
4062 83.8
4061 83.6
4060 83.4
4059 83.5
4058 83.5
4057 83.4
4056 83.4
4055 83.4
4054 83.5
4053 83.4
4052 83.5
4051 83.5
4050 83.6
4049 83.9
4048 83.7
4047 83.9
4046 83.7
4045 83.7
4044 83.6
4043 83.6
4042 83.7
4041 83.9
4040 83.7
4039 83.8
4038 83.9
4037 83.9
4036 83.8
4035 83.7
4034 83.8
4033 83.7
4032 83.8
4031 83.6
4030 83.7
4029 83.7
4028 83.9
4027 83.9
4026 83.9
4025 83.9
4024 83.9
4023 83.8
4022 83.8
4021 83.8
4020 83.9
4019 83.8
4018 83.5
4017 83.6
4016 83.6
4015 83.6
4014 83.6
4013 83.7
4012 83.6
4011 83.3
4010 83.5
4009 83.6
4008 83.6
4007 83.6
4006 83.4
4005 83.3
4004 83.2
4003 83.4
4002 83.4
4001 83.4
4000 83.6
3999 83.9
3998 84
3997 84.1
3996 84.2
3995 84.4
3994 84.5
3993 84.5
3992 84.6
3991 84.8
3990 84.8
3989 84.9
3988 85
3987 85
3986 84.9
3985 84.7
3984 84.7
3983 84.8
3982 84.7
3981 84.7
3980 84.9
3979 84.8
3978 84.9
3977 85
3976 84.9
3975 85
3974 84.8
3973 84.8
3972 85
3971 84.9
3970 84.9
3969 85
3968 85.1
3967 85.2
3966 85
3965 84.9
3964 84.9
3963 85
3962 84.8
3961 84.5
3960 84.4
3959 84.5
3958 84.4
3957 84.4
3956 84.4
3955 84.4
3954 84.5
3953 84.4
3952 84.5
3951 84.4
3950 84.6
3949 84.8
3948 84.8
3947 84.9
3946 84.7
3945 84.7
3944 84.6
3943 84.6
3942 84.8
3941 84.9
3940 84.7
3939 84.8
3938 84.9
3937 84.9
3936 84.8
3935 84.8
3934 84.9
3933 84.7
3932 84.8
3931 84.7
3930 84.8
3929 84.8
3928 84.9
3927 84.9
3926 84.9
3925 84.9
3924 84.9
3923 84.9
3922 84.8
3921 84.9
3920 84.8
3919 84.8
3918 84.8
3917 84.6
3916 84.7
3915 84.9
3914 84.7
3913 84.8
3912 84.7
3911 84.5
3910 84.6
3909 84.7
3908 84.6
3907 84.7
3906 84.6
3905 84.4
3904 84.4
3903 84.5
3902 84.6
3901 84.5
3900 84.8
3899 85
3898 85.1
3897 85.3
3896 85.3
3895 85.6
3894 85.5
3893 85.7
3892 85.7
3891 85.9
3890 85.9
3889 86
3888 86.1
3887 86
3886 85.9
3885 85.9
3884 85.8
3883 85.9
3882 85.8
3881 85.8
3880 86.1
3879 86.1
3878 85.9
3877 86
3876 85.9
3875 86.1
3874 86
3873 86
3872 86.2
3871 86
3870 86.1
3869 86.2
3868 86.2
3867 86.2
3866 86.3
3865 86
3864 86.1
3863 86.1
3862 85.9
3861 85.7
3860 85.5
3859 85.7
3858 85.6
3857 85.6
3856 85.6
3855 85.6
3854 85.7
3853 85.7
3852 85.7
3851 85.7
3850 85.8
3849 86
3848 86
3847 86
3846 85.9
3845 85.9
3844 85.8
3843 85.7
3842 85.9
3841 86
3840 85.8
3839 86
3838 86.1
3837 86.1
3836 85.9
3835 86
3834 86.1
3833 85.9
3832 86
3831 85.9
3830 86
3829 85.9
3828 86.1
3827 86.1
3826 86.1
3825 86.1
3824 86
3823 86.1
3822 86
3821 86.1
3820 86.1
3819 86.1
3818 85.8
3817 85.8
3816 85.9
3815 86
3814 86
3813 85.9
3812 85.9
3811 85.6
3810 85.8
3809 86
3808 85.9
3807 85.8
3806 85.7
3805 85.6
3804 85.5
3803 85.6
3802 85.7
3801 85.6
3800 85.9
3799 86.2
3798 86.3
3797 86.4
3796 86.4
3795 86.7
3794 86.7
3793 86.8
3792 86.9
3791 87
3790 87.1
3789 87.2
3788 87.3
3787 87.3
3786 87.2
3785 87.1
3784 87
3783 87.1
3782 87
3781 87.1
3780 87.2
3779 87.2
3778 87.2
3777 87.3
3776 87.2
3775 87.3
3774 87.2
3773 87.2
3772 87.3
3771 87.2
3770 87.3
3769 87.5
3768 87.4
3767 87.4
3766 87.3
3765 87.1
3764 87.2
3763 87.2
3762 87.1
3761 86.9
3760 86.7
3759 86.8
3758 86.9
3757 86.8
3756 86.9
3755 86.7
3754 86.9
3753 86.9
3752 87
3751 86.9
3750 87.1
3749 87.2
3748 87.1
3747 87.3
3746 87.3
3745 87.1
3744 87
3743 86.9
3742 87.1
3741 87.2
3740 87.1
3739 87.2
3738 87.3
3737 87.3
3736 87.1
3735 87.2
3734 87.3
3733 87.1
3732 87.2
3731 87.1
3730 87.3
3729 87.2
3728 87.3
3727 87.3
3726 87.3
3725 87.4
3724 87.4
3723 87.2
3722 87.3
3721 87.3
3720 87.3
3719 87.2
3718 87.1
3717 87.1
3716 87.2
3715 87.2
3714 87.2
3713 87.1
3712 87.1
3711 86.9
3710 87
3709 87.1
3708 87.1
3707 87
3706 87.1
3705 86.9
3704 86.8
3703 86.9
3702 86.9
3701 86.9
3700 87.1
3699 87.5
3698 87.5
3697 87.6
3696 87.8
3695 88
3694 88
3693 88.1
3692 88.2
3691 88.3
3690 88.3
3689 88.4
3688 88.4
3687 88.4
3686 88.4
3685 88.3
3684 88.3
3683 88.3
3682 88.2
3681 88.2
3680 88.4
3679 88.4
3678 88.5
3677 88.4
3676 88.4
3675 88.5
3674 88.4
3673 88.4
3672 88.4
3671 88.4
3670 88.4
3669 88.6
3668 88.6
3667 88.6
3666 88.6
3665 88.4
3664 88.4
3663 88.5
3662 88.3
3661 88
3660 87.9
3659 88
3658 88
3657 87.9
3656 88
3655 88
3654 88.1
3653 88
3652 88.1
3651 88
3650 88.1
3649 88.4
3648 88.3
3647 88.5
3646 88.4
3645 88.2
3644 88.1
3643 88
3642 88.2
3641 88.2
3640 88.2
3639 88.4
3638 88.4
3637 88.3
3636 88.2
3635 88.2
3634 88.3
3633 88.1
3632 88.3
3631 88.1
3630 88.3
3629 88.2
3628 88.4
3627 88.4
3626 88.4
3625 88.4
3624 88.4
3623 88.4
3622 88.4
3621 88.3
3620 88.4
3619 88.3
3618 88.1
3617 88
3616 88.2
3615 88.3
3614 88.2
3613 88.2
3612 88.1
3611 87.8
3610 88.1
3609 88.2
3608 88.1
3607 88
3606 88
3605 87.9
3604 87.7
3603 87.8
3602 87.9
3601 87.9
3600 88.1
3599 88.5
3598 88.7
3597 88.7
3596 88.9
3595 89
3594 89
3593 89.1
3592 89.3
3591 89.5
3590 89.5
3589 89.5
3588 89.5
3587 89.5
3586 89.5
3585 89.4
3584 89.4
3583 89.4
3582 89.2
3581 89.2
3580 89.5
3579 89.5
3578 89.4
3577 89.5
3576 89.4
3575 89.6
3574 89.5
3573 89.4
3572 89.6
3571 89.5
3570 89.6
3569 89.7
3568 89.7
3567 89.7
3566 89.7
3565 89.5
3564 89.6
3563 89.5
3562 89.4
3561 89.2
3560 89
3559 89.1
3558 89.1
3557 89
3556 88.9
3555 89.1
3554 89.1
3553 89.1
3552 89.2
3551 89.2
3550 89.3
3549 89.5
3548 89.4
3547 89.4
3546 89.4
3545 89.3
3544 89.2
3543 89.2
3542 89.4
3541 89.5
3540 89.3
3539 89.4
3538 89.6
3537 89.7
3536 89.5
3535 89.4
3534 89.5
3533 89.2
3532 89.4
3531 89.4
3530 89.5
3529 89.4
3528 89.5
3527 89.4
3526 89.4
3525 89.5
3524 89.5
3523 89.4
3522 89.4
3521 89.4
3520 89.4
3519 89.3
3518 89.2
3517 89.1
3516 89.2
3515 89.3
3514 89.2
3513 89.2
3512 89.1
3511 88.9
3510 89.1
3509 89.2
3508 89.1
3507 89.1
3506 89.1
3505 88.9
3504 88.8
3503 88.9
3502 89
3501 89
3500 89.2
3499 89.5
3498 89.7
3497 89.8
3496 89.9
3495 90.1
3494 90.1
3493 90.2
3492 90.4
3491 90.5
3490 90.5
3489 90.6
3488 90.6
3487 90.6
3486 90.6
3485 90.6
3484 90.5
3483 90.5
3482 90.4
3481 90.4
3480 90.6
3479 90.5
3478 90.7
3477 90.7
3476 90.6
3475 90.7
3474 90.6
3473 90.5
3472 90.6
3471 90.6
3470 90.6
3469 90.7
3468 90.7
3467 90.7
3466 90.8
3465 90.6
3464 90.6
3463 90.6
3462 90.5
3461 90.2
3460 90
3459 90.2
3458 90.2
3457 90.1
3456 90.1
3455 90
3454 90.2
3453 90.2
3452 90.2
3451 90.1
3450 90.3
3449 90.5
3448 90.5
3447 90.5
3446 90.5
3445 90.3
3444 90.2
3443 90.2
3442 90.4
3441 90.5
3440 90.4
3439 90.6
3438 90.6
3437 90.6
3436 90.5
3435 90.6
3434 90.7
3433 90.4
3432 90.4
3431 90.4
3430 90.5
3429 90.5
3428 90.5
3427 90.7
3426 90.7
3425 90.6
3424 90.6
3423 90.6
3422 90.5
3421 90.7
3420 90.7
3419 90.6
3418 90.4
3417 90.3
3416 90.4
3415 90.5
3414 90.5
3413 90.4
3412 90.5
3411 90.2
3410 90.3
3409 90.5
3408 90.4
3407 90.3
3406 90.3
3405 90.2
3404 90
3403 90.2
3402 90.2
3401 90.2
3400 90.4
3399 90.7
3398 90.9
3397 91
3396 91.1
3395 91.3
3394 91.4
3393 91.5
3392 91.6
3391 91.7
3390 91.7
3389 91.8
3388 91.8
3387 91.9
3386 91.7
3385 91.7
3384 91.7
3383 91.7
3382 91.5
3381 91.6
3380 91.8
3379 91.7
3378 91.7
3377 91.8
3376 91.9
3375 91.9
3374 91.9
3373 91.8
3372 91.9
3371 91.7
3370 91.8
3369 92
3368 92
3367 91.9
3366 92
3365 91.8
3364 91.9
3363 91.9
3362 91.7
3361 91.4
3360 91.2
3359 91.3
3358 91.4
3357 91.4
3356 91.3
3355 91.3
3354 91.4
3353 91.3
3352 91.5
3351 91.3
3350 91.5
3349 91.8
3348 91.7
3347 91.8
3346 91.7
3345 91.6
3344 91.6
3343 91.5
3342 91.7
3341 91.7
3340 91.7
3339 91.8
3338 91.9
3337 92
3336 91.8
3335 91.8
3334 91.9
3333 91.6
3332 91.7
3331 91.6
3330 91.8
3329 91.8
3328 91.8
3327 91.9
3326 91.9
3325 91.9
3324 91.9
3323 91.8
3322 91.8
3321 91.8
3320 91.8
3319 91.8
3318 91.7
3317 91.6
3316 91.6
3315 91.8
3314 91.6
3313 91.7
3312 91.6
3311 91.3
3310 91.4
3309 91.5
3308 91.5
3307 91.4
3306 91.4
3305 91.4
3304 91.2
3303 91.3
3302 91.4
3301 91.3
3300 91.6
3299 92
3298 92
3297 92.2
3296 92.3
3295 92.4
3294 92.4
3293 92.5
3292 92.6
3291 92.9
3290 92.8
3289 92.9
3288 93
3287 93
3286 92.9
3285 92.9
3284 92.7
3283 92.9
3282 92.7
3281 92.7
3280 92.9
3279 92.9
3278 92.9
3277 92.9
3276 92.9
3275 93
3274 92.9
3273 92.9
3272 93
3271 92.9
3270 92.9
3269 93.1
3268 93.1
3267 93.1
3266 93.2
3265 92.9
3264 92.9
3263 93
3262 92.9
3261 92.6
3260 92.5
3259 92.6
3258 92.5
3257 92.5
3256 92.5
3255 92.5
3254 92.5
3253 92.6
3252 92.7
3251 92.5
3250 92.7
3249 92.9
3248 92.9
3247 92.9
3246 92.9
3245 92.8
3244 92.7
3243 92.7
3242 92.9
3241 92.9
3240 92.8
3239 92.8
3238 93
3237 93
3236 92.9
3235 92.8
3234 92.9
3233 92.8
3232 92.8
3231 92.7
3230 92.9
3229 92.8
3228 92.9
3227 93
3226 92.9
3225 92.9
3224 92.9
3223 92.9
3222 92.9
3221 92.8
3220 93
3219 92.9
3218 92.6
3217 92.6
3216 92.8
3215 92.8
3214 92.7
3213 92.7
3212 92.7
3211 92.4
3210 92.6
3209 92.7
3208 92.7
3207 92.6
3206 92.5
3205 92.3
3204 92.3
3203 92.5
3202 92.5
3201 92.4
3200 92.6
3199 93.1
3198 93.2
3197 93.3
3196 93.3
3195 93.5
3194 93.6
3193 93.7
3192 93.8
3191 93.9
3190 94
3189 94
3188 94.1
3187 94.2
3186 94
3185 93.9
3184 93.8
3183 93.9
3182 93.7
3181 93.8
3180 94
3179 94
3178 94
3177 94.1
3176 94
3175 94.1
3174 94
3173 94
3172 94.1
3171 94.1
3170 94
3169 94.2
3168 94.2
3167 94.2
3166 94.2
3165 94
3164 94
3163 94.1
3162 94
3161 93.6
3160 93.5
3159 93.6
3158 93.6
3157 93.5
3156 93.4
3155 93.4
3154 93.5
3153 93.5
3152 93.7
3151 93.5
3150 93.7
3149 94
3148 93.9
3147 93.9
3146 93.8
3145 93.7
3144 93.6
3143 93.7
3142 93.9
3141 93.9
3140 93.8
3139 93.9
3138 93.9
3137 94
3136 93.9
3135 93.9
3134 94
3133 93.8
3132 93.8
3131 93.8
3130 93.9
3129 93.9
3128 93.9
3127 94
3126 93.9
3125 93.9
3124 93.9
3123 93.9
3122 93.8
3121 93.9
3120 94
3119 93.9
3118 93.6
3117 93.5
3116 93.7
3115 93.8
3114 93.7
3113 93.7
3112 93.7
3111 93.4
3110 93.5
3109 93.7
3108 93.6
3107 93.6
3106 93.6
3105 93.4
3104 93.2
3103 93.3
3102 93.4
3101 93.4
3100 93.6
3099 94
3098 94.1
3097 94.2
3096 94.3
3095 94.6
3094 94.6
3093 94.7
3092 94.8
3091 94.9
3090 95
3089 95.1
3088 95.1
3087 95.1
3086 95
3085 94.9
3084 94.9
3083 94.9
3082 94.8
3081 94.9
3080 95
3079 95
3078 95
3077 95
3076 95
3075 95.1
3074 94.9
3073 95
3072 95.1
3071 95
3070 95
3069 95.1
3068 95.1
3067 95.2
3066 95.2
3065 95
3064 95
3063 95
3062 94.9
3061 94.5
3060 94.4
3059 94.5
3058 94.5
3057 94.5
3056 94.5
3055 94.5
3054 94.5
3053 94.4
3052 94.5
3051 94.4
3050 94.6
3049 94.8
3048 94.9
3047 94.9
3046 94.8
3045 94.7
3044 94.7
3043 94.6
3042 94.7
3041 94.8
3040 94.6
3039 94.8
3038 94.9
3037 95
3036 94.8
3035 94.8
3034 94.8
3033 94.7
3032 94.9
3031 94.7
3030 94.8
3029 94.8
3028 94.8
3027 94.9
3026 94.9
3025 94.8
3024 94.8
3023 94.8
3022 94.9
3021 94.8
3020 94.9
3019 94.9
3018 94.7
3017 94.6
3016 94.7
3015 94.7
3014 94.6
3013 94.6
3012 94.7
3011 94.4
3010 94.5
3009 94.6
3008 94.5
3007 94.5
3006 94.4
3005 94.2
3004 94.1
3003 94.3
3002 94.3
3001 94.3
3000 94.6
2999 94.9
2998 95.1
2997 95.1
2996 95.3
2995 95.6
2994 95.5
2993 95.6
2992 95.7
2991 95.9
2990 95.9
2989 95.9
2988 96
2987 96
2986 95.9
2985 95.8
2984 95.7
2983 95.8
2982 95.7
2981 95.8
2980 96
2979 96
2978 96
2977 96
2976 95.9
2975 96.1
2974 96
2973 96
2972 96.1
2971 95.9
2970 96
2969 96.2
2968 96.1
2967 96.2
2966 96.2
2965 96
2964 96
2963 96.1
2962 95.9
2961 95.5
2960 95.3
2959 95.5
2958 95.6
2957 95.5
2956 95.4
2955 95.4
2954 95.5
2953 95.4
2952 95.6
2951 95.5
2950 95.6
2949 95.9
2948 95.9
2947 96
2946 96
2945 95.8
2944 95.8
2943 95.8
2942 96.1
2941 96.1
2940 96
2939 96.2
2938 96.4
2937 96.4
2936 96.4
2935 96.4
2934 96.5
2933 96.3
2932 96.4
2931 96.4
2930 96.6
2929 96.6
2928 96.6
2927 96.8
2926 96.8
2925 96.9
2924 96.8
2923 96.8
2922 96.8
2921 96.9
2920 97
2919 97
2918 96.9
2917 96.8
2916 96.9
2915 97
2914 96.9
2913 97.1
2912 97.1
2911 96.7
2910 96.9
2909 97.1
2908 97
2907 97.1
2906 97
2905 96.9
2904 96.8
2903 97
2902 97.1
2901 97.1
2900 97.4
2899 97.9
2898 98
2897 98.3
2896 98.3
2895 98.6
2894 98.6
2893 98.8
2892 99
2891 99.2
2890 99.2
2889 99.4
2888 99.4
2887 99.5
2886 99.4
2885 99.4
2884 99.4
2883 99.5
2882 99.4
2881 99.4
2880 99.6
2879 99.6
2878 99.7
2877 99.7
2876 99.7
2875 99.9
2874 99.8
2873 99.9
2872 100.1
2871 99.9
2870 100.1
2869 100.2
2868 100.2
2867 100.4
2866 100.3
2865 100.2
2864 100.2
2863 100.4
2862 100.2
2861 99.9
2860 99.8
2859 100
2858 99.9
2857 99.9
2856 100
2855 100.1
2854 100.2
2853 100.1
2852 100.2
2851 100.2
2850 100.5
2849 100.8
2848 100.7
2847 100.9
2846 100.8
2845 100.7
2844 100.7
2843 100.6
2842 100.8
2841 100.9
2840 100.8
2839 101
2838 101.1
2837 101.2
2836 101.1
2835 101.2
2834 101.3
2833 101
2832 101.1
2831 101.2
2830 101.4
2829 101.4
2828 101.5
2827 101.6
2826 101.6
2825 101.6
2824 101.6
2823 101.6
2822 101.6
2821 101.8
2820 101.7
2819 101.8
2818 101.6
2817 101.6
2816 101.8
2815 101.9
2814 101.8
2813 101.9
2812 101.8
2811 101.6
2810 101.7
2809 101.9
2808 101.9
2807 101.8
2806 101.7
2805 101.7
2804 101.5
2803 101.7
2802 101.9
2801 101.8
2800 102.2
2799 102.6
2798 102.8
2797 102.8
2796 103
2795 103.2
2794 103.3
2793 103.4
2792 103.6
2791 103.8
2790 103.9
2789 103.9
2788 104.1
2787 104.1
2786 104.1
2785 104
2784 103.9
2783 104
2782 104
2781 104
2780 104.2
2779 104.2
2778 104.3
2777 104.4
2776 104.3
2775 104.5
2774 104.4
2773 104.5
2772 104.7
2771 104.5
2770 104.6
2769 104.8
2768 104.8
2767 104.9
2766 104.9
2765 104.8
2764 104.8
2763 104.8
2762 104.6
2761 104.4
2760 104.3
2759 104.5
2758 104.5
2757 104.5
2756 104.5
2755 104.6
2754 104.6
2753 104.6
2752 104.8
2751 104.8
2750 105
2749 105.3
2748 105.2
2747 105.2
2746 105.3
2745 105.1
2744 105.1
2743 105.1
2742 105.3
2741 105.5
2740 105.3
2739 105.5
2738 105.7
2737 105.7
2736 105.6
2735 105.6
2734 105.8
2733 105.6
2732 105.7
2731 105.7
2730 105.9
2729 105.8
2728 106
2727 106
2726 106
2725 106
2724 106.1
2723 106
2722 106.1
2721 106.1
2720 106.1
2719 106.2
2718 106
2717 105.9
2716 106.1
2715 106.2
2714 106.2
2713 106.3
2712 106.2
2711 106
2710 106.1
2709 106.3
2708 106.2
2707 106.2
2706 106.2
2705 106
2704 106
2703 106.1
2702 106.2
2701 106.3
2700 106.7
2699 107
2698 107.1
2697 107.2
2696 107.4
2695 107.8
2694 107.9
2693 107.9
2692 108
2691 108.3
2690 108.4
2689 108.6
2688 108.6
2687 108.7
2686 108.6
2685 108.5
2684 108.4
2683 108.5
2682 108.5
2681 108.6
2680 108.7
2679 108.8
2678 108.8
2677 108.8
2676 108.8
2675 108.9
2674 108.9
2673 109
2672 109.1
2671 109
2670 109.1
2669 109.3
2668 109.4
2667 109.5
2666 109.4
2665 109.3
2664 109.3
2663 109.4
2662 109.2
2661 108.9
2660 108.8
2659 109
2658 109
2657 109.1
2656 109.1
2655 109.1
2654 109.2
2653 109.2
2652 109.4
2651 109.3
2650 109.5
2649 109.9
2648 109.7
2647 109.9
2646 109.8
2645 109.6
2644 109.7
2643 109.7
2642 109.9
2641 109.9
2640 109.9
2639 110.1
2638 110.3
2637 110.3
2636 110.2
2635 110.2
2634 110.3
2633 110.1
2632 110.3
2631 110.2
2630 110.4
2629 110.5
2628 110.6
2627 110.6
2626 110.7
2625 110.8
2624 110.8
2623 110.7
2622 110.7
2621 110.7
2620 110.8
2619 110.8
2618 110.6
2617 110.5
2616 110.7
2615 110.9
2614 110.9
2613 110.9
2612 111
2611 110.6
2610 110.8
2609 111
2608 110.9
2607 110.9
2606 110.9
2605 110.7
2604 110.6
2603 110.7
2602 110.8
2601 110.9
2600 111.2
2599 111.7
2598 111.9
2597 112.1
2596 112.2
2595 112.5
2594 112.5
2593 112.7
2592 112.8
2591 113.1
2590 113.1
2589 113.2
2588 113.3
2587 113.3
2586 113.3
2585 113.3
2584 113.2
2583 113.3
2582 113.3
2581 113.3
2580 113.5
2579 113.5
2578 113.6
2577 113.7
2576 113.7
2575 113.8
2574 113.7
2573 113.8
2572 113.9
2571 113.9
2570 113.9
2569 114.2
2568 114.2
2567 114.3
2566 114.3
2565 114.1
2564 114.2
2563 114.2
2562 114
2561 113.9
2560 113.7
2559 113.8
2558 113.8
2557 113.8
2556 113.8
2555 113.9
2554 114
2553 114
2552 114.2
2551 114.2
2550 114.4
2549 114.7
2548 114.7
2547 114.8
2546 114.7
2545 114.6
2544 114.5
2543 114.6
2542 114.9
2541 115
2540 114.9
2539 115.1
2538 115.2
2537 115.3
2536 115.2
2535 115.1
2534 115.3
2533 115
2532 115.2
2531 115.1
2530 115.3
2529 115.3
2528 115.4
2527 115.6
2526 115.6
2525 115.6
2524 115.6
2523 115.6
2522 115.6
2521 115.6
2520 115.7
2519 115.8
2518 115.5
2517 115.5
2516 115.6
2515 115.9
2514 115.8
2513 115.8
2512 115.7
2511 115.3
2510 115.7
2509 115.8
2508 115.7
2507 115.7
2506 115.6
2505 115.5
2504 115.4
2503 115.6
2502 115.7
2501 115.8
2500 116.1
2499 116.5
2498 116.7
2497 116.8
2496 117
2495 117.3
2494 117.4
2493 117.5
2492 117.6
2491 117.9
2490 117.9
2489 118.2
2488 118.2
2487 118.2
2486 118.1
2485 118
2484 118
2483 118.1
2482 118
2481 118.1
2480 118.3
2479 118.3
2478 118.3
2477 118.4
2476 118.3
2475 118.5
2474 118.5
2473 118.5
2472 118.8
2471 118.6
2470 118.7
2469 119
2468 119
2467 119
2466 119.1
2465 119
2464 118.9
2463 119
2462 118.8
2461 118.6
2460 118.5
2459 118.7
2458 118.6
2457 118.6
2456 118.6
2455 118.7
2454 118.7
2453 118.9
2452 118.9
2451 118.9
2450 119.2
2449 119.4
2448 119.5
2447 119.6
2446 119.5
2445 119.4
2444 119.3
2443 119.4
2442 119.6
2441 119.7
2440 119.6
2439 119.8
2438 120.1
2437 120.1
2436 120
2435 120
2434 120.1
2433 119.8
2432 120
2431 120
2430 120.1
2429 120.2
2428 120.4
2427 120.5
2426 120.4
2425 120.5
2424 120.5
2423 120.5
2422 120.5
2421 120.5
2420 120.6
2419 120.7
2418 120.5
2417 120.5
2416 120.6
2415 120.8
2414 120.7
2413 120.8
2412 120.8
2411 120.4
2410 120.7
2409 120.9
2408 120.7
2407 120.7
2406 120.7
2405 120.5
2404 120.3
2403 120.5
2402 120.7
2401 120.7
2400 121.1
2399 121.7
2398 121.7
2397 121.9
2396 122.1
2395 122.4
2394 122.5
2393 122.6
2392 122.8
2391 123
2390 123.2
2389 123.4
2388 123.4
2387 123.5
2386 123.4
2385 123.3
2384 123.3
2383 123.2
2382 123.2
2381 123.3
2380 123.6
2379 123.6
2378 123.6
2377 123.7
2376 123.7
2375 123.9
2374 123.8
2373 123.9
2372 124
2371 124
2370 124
2369 124.4
2368 124.3
2367 124.4
2366 124.4
2365 124.3
2364 124.4
2363 124.4
2362 124.2
2361 123.9
2360 123.8
2359 124
2358 124
2357 123.9
2356 123.9
2355 124
2354 124.2
2353 124.2
2352 124.5
2351 124.3
2350 124.6
2349 125
2348 124.9
2347 125
2346 125.1
2345 124.9
2344 124.9
2343 124.8
2342 125
2341 125.2
2340 125.1
2339 125.3
2338 125.5
2337 125.6
2336 125.5
2335 125.5
2334 125.7
2333 125.5
2332 125.7
2331 125.6
2330 125.9
2329 126
2328 126.2
2327 126.4
2326 126.4
2325 126.5
2324 126.6
2323 126.5
2322 126.6
2321 126.6
2320 126.7
2319 126.8
2318 126.6
2317 126.6
2316 126.8
2315 127
2314 126.9
2313 127
2312 126.9
2311 126.6
2310 126.9
2309 127.1
2308 127
2307 126.9
2306 126.8
2305 126.7
2304 126.4
2303 126.5
2302 126.6
2301 126.6
2300 126.9
2299 127.4
2298 127.6
2297 127.7
2296 127.9
2295 128.2
2294 128.2
2293 128.2
2292 128.3
2291 128.6
2290 128.6
2289 128.9
2288 128.9
2287 129
2286 128.8
2285 128.8
2284 128.7
2283 128.8
2282 128.7
2281 128.7
2280 129
2279 129.1
2278 129.1
2277 129.2
2276 129.1
2275 129.3
2274 129.3
2273 129.3
2272 129.6
2271 129.5
2270 129.6
2269 129.9
2268 129.9
2267 129.9
2266 130
2265 129.8
2264 129.9
2263 129.9
2262 129.8
2261 129.5
2260 129.3
2259 129.6
2258 129.5
2257 129.5
2256 129.5
2255 129.6
2254 129.7
2253 129.7
2252 129.9
2251 129.9
2250 130.2
2249 130.5
2248 130.4
2247 130.5
2246 130.5
2245 130.4
2244 130.3
2243 130.3
2242 130.5
2241 130.7
2240 130.5
2239 130.7
2238 130.9
2237 130.9
2236 130.8
2235 130.9
2234 131
2233 130.7
2232 130.9
2231 130.8
2230 131
2229 130.9
2228 131.2
2227 131.3
2226 131.3
2225 131.3
2224 131.3
2223 131.3
2222 131.3
2221 131.3
2220 131.4
2219 131.5
2218 131.3
2217 131.2
2216 131.4
2215 131.7
2214 131.6
2213 131.7
2212 131.7
2211 131.3
2210 131.7
2209 131.9
2208 131.7
2207 131.8
2206 131.7
2205 131.5
2204 131.3
2203 131.6
2202 131.8
2201 131.8
2200 132.2
2199 132.8
2198 133
2197 133.2
2196 133.3
2195 133.6
2194 133.7
2193 133.9
2192 134.2
2191 134.4
2190 134.5
2189 134.8
2188 134.8
2187 134.8
2186 134.8
2185 134.8
2184 134.8
2183 134.8
2182 134.7
2181 134.8
2180 135.1
2179 135.2
2178 135.3
2177 135.5
2176 135.3
2175 135.6
2174 135.6
2173 135.7
2172 135.8
2171 135.7
2170 135.8
2169 136.2
2168 136.2
2167 136.3
2166 136.4
2165 136.3
2164 136.5
2163 136.4
2162 136.2
2161 135.9
2160 135.6
2159 136
2158 135.9
2157 135.8
2156 135.8
2155 136
2154 136.1
2153 136.1
2152 136.2
2151 136.2
2150 136.6
2149 136.9
2148 136.8
2147 136.8
2146 136.8
2145 136.6
2144 136.6
2143 136.6
2142 136.8
2141 137
2140 136.8
2139 137.1
2138 137.2
2137 137.3
2136 137.1
2135 137.1
2134 137.3
2133 136.9
2132 137.1
2131 137
2130 137.3
2129 137.2
2128 137.3
2127 137.4
2126 137.3
2125 137.4
2124 137.4
2123 137.3
2122 137.2
2121 137.3
2120 137.4
2119 137.3
2118 137.2
2117 137.1
2116 137.2
2115 137.5
2114 137.3
2113 137.4
2112 137.4
2111 136.9
2110 137.2
2109 137.5
2108 137.3
2107 137.4
2106 137.3
2105 137
2104 136.9
2103 137.1
2102 137.3
2101 137.3
2100 137.7
2099 138.3
2098 138.4
2097 138.7
2096 138.9
2095 139.3
2094 139.3
2093 139.5
2092 139.7
2091 139.9
2090 140.1
2089 140.4
2088 140.4
2087 140.4
2086 140.4
2085 140.2
2084 140.3
2083 140.4
2082 140.4
2081 140.4
2080 140.6
2079 140.8
2078 140.8
2077 141
2076 140.9
2075 141.2
2074 141.1
2073 141.2
2072 141.4
2071 141.4
2070 141.4
2069 141.8
2068 141.8
2067 141.9
2066 142.1
2065 141.9
2064 141.9
2063 142
2062 141.8
2061 141.6
2060 141.3
2059 141.6
2058 141.6
2057 141.6
2056 141.7
2055 141.7
2054 141.9
2053 142
2052 142.1
2051 142.1
2050 142.4
2049 142.9
2048 142.8
2047 143
2046 142.9
2045 142.7
2044 142.7
2043 142.7
2042 143.1
2041 143.3
2040 143
2039 143.3
2038 143.5
2037 143.8
2036 143.6
2035 143.5
2034 143.7
2033 143.4
2032 143.6
2031 143.7
2030 143.9
2029 143.8
2028 144
2027 144.1
2026 144.2
2025 144.2
2024 144.2
2023 144.1
2022 144.1
2021 144.2
2020 144.3
2019 144.4
2018 144.1
2017 144
2016 144.2
2015 144.4
2014 144.3
2013 144.3
2012 144.3
2011 143.9
2010 144.3
2009 144.5
2008 144.3
2007 144.3
2006 144.1
2005 144
2004 143.9
2003 144
2002 144.2
2001 144.1
2000 144.6
1999 145.2
1998 145.4
1997 145.6
1996 145.8
1995 146.1
1994 146.1
1993 146.3
1992 146.6
1991 146.8
1990 146.8
1989 147.1
1988 147.1
1987 147.2
1986 147.2
1985 146.9
1984 146.8
1983 146.9
1982 147
1981 147
1980 147.2
1979 147.3
1978 147.4
1977 147.5
1976 147.4
1975 147.6
1974 147.6
1973 147.7
1972 147.9
1971 147.6
1970 147.9
1969 148.1
1968 148.1
1967 148.2
1966 148.4
1965 148.3
1964 148.4
1963 148.3
1962 148.2
1961 147.8
1960 147.6
1959 147.9
1958 147.9
1957 148
1956 148
1955 148.1
1954 148.3
1953 148.5
1952 148.7
1951 148.6
1950 149
1949 149.5
1948 149.3
1947 149.4
1946 149.5
1945 149.4
1944 149.4
1943 149.4
1942 149.7
1941 150
1940 149.8
1939 150.1
1938 150.4
1937 150.5
1936 150.4
1935 150.5
1934 150.7
1933 150.4
1932 150.7
1931 150.6
1930 150.9
1929 150.8
1928 151.1
1927 151.2
1926 151.3
1925 151.1
1924 151.3
1923 151.1
1922 151
1921 151.1
1920 151.2
1919 151.2
1918 150.9
1917 150.9
1916 151
1915 151.2
1914 151.1
1913 151
1912 151
1911 150.6
1910 151.1
1909 151.1
1908 151
1907 151
1906 150.9
1905 150.7
1904 150.7
1903 150.8
1902 150.9
1901 151.1
1900 151.6
1899 152.2
1898 152.3
1897 152.7
1896 152.9
1895 153.4
1894 153.4
1893 153.7
1892 153.8
1891 154.2
1890 154.3
1889 154.7
1888 154.7
1887 154.8
1886 154.9
1885 154.6
1884 154.5
1883 154.6
1882 154.7
1881 154.8
1880 155
1879 155.1
1878 155.1
1877 155.3
1876 155.1
1875 155.4
1874 155.3
1873 155.3
1872 155.5
1871 155.5
1870 155.6
1869 155.8
1868 155.8
1867 155.8
1866 156
1865 155.9
1864 155.9
1863 155.9
1862 155.8
1861 155.4
1860 155.3
1859 155.5
1858 155.5
1857 155.5
1856 155.4
1855 155.6
1854 155.7
1853 155.8
1852 156
1851 155.9
1850 156.2
1849 156.7
1848 156.7
1847 156.7
1846 156.6
1845 156.5
1844 156.5
1843 156.4
1842 156.7
1841 156.9
1840 156.9
1839 157.1
1838 157.3
1837 157.4
1836 157.2
1835 157.2
1834 157.3
1833 156.9
1832 157.1
1831 157.1
1830 157.4
1829 157.4
1828 157.7
1827 157.8
1826 157.8
1825 157.9
1824 157.8
1823 157.8
1822 157.8
1821 158
1820 158.1
1819 158.3
1818 158
1817 158
1816 158.2
1815 158.4
1814 158.3
1813 158.3
1812 158.3
1811 157.8
1810 158.3
1809 158.6
1808 158.5
1807 158.5
1806 158.5
1805 158.3
1804 158.2
1803 158.4
1802 158.5
1801 158.5
1800 159
1799 159.7
1798 159.9
1797 160.1
1796 160.3
1795 160.5
1794 160.8
1793 161
1792 161.2
1791 161.5
1790 161.5
1789 161.8
1788 161.8
1787 162
1786 161.9
1785 161.8
1784 161.8
1783 161.9
1782 161.8
1781 161.9
1780 162.3
1779 162.4
1778 162.4
1777 162.6
1776 162.6
1775 162.9
1774 162.9
1773 163
1772 163.2
1771 163.1
1770 163.4
1769 163.6
1768 163.5
1767 163.6
1766 163.9
1765 163.8
1764 163.8
1763 163.7
1762 163.5
1761 163.1
1760 162.8
1759 163.1
1758 163
1757 162.8
1756 162.7
1755 162.8
1754 163
1753 162.9
1752 163
1751 162.9
1750 163.1
1749 163.5
1748 163.4
1747 163.4
1746 163.2
1745 163
1744 163.1
1743 163
1742 163.2
1741 163.3
1740 163.2
1739 163.4
1738 163.5
1737 163.7
1736 163.5
1735 163.3
1734 163.4
1733 163.1
1732 163.3
1731 163.1
1730 163.5
1729 163.4
1728 163.6
1727 163.6
1726 163.6
1725 163.5
1724 163.5
1723 163.3
1722 163.3
1721 163.5
1720 163.5
1719 163.6
1718 163.3
1717 163.2
1716 163.2
1715 163.4
1714 163.3
1713 163.4
1712 163.3
1711 162.7
1710 163.1
1709 163.4
1708 163.2
1707 163.1
1706 162.9
1705 162.6
1704 162.5
1703 162.7
1702 162.8
1701 162.7
1700 163
1699 163.7
1698 163.9
1697 164.1
1696 164.1
1695 164.3
1694 164.3
1693 164.4
1692 164.6
1691 164.6
1690 164.6
1689 164.8
1688 164.7
1687 164.5
1686 164.4
1685 164
1684 163.8
1683 163.6
1682 163.5
1681 163.3
1680 163.4
1679 163.3
1678 163.1
1677 163.1
1676 162.7
1675 162.6
1674 162.4
1673 162.2
1672 162.2
1671 161.9
1670 161.7
1669 161.8
1668 161.3
1667 161.4
1666 161.6
1665 161.2
1664 161.3
1663 161
1662 160.8
1661 160.3
1660 160
1659 160.2
1658 160.1
1657 160
1656 159.9
1655 160
1654 160.2
1653 160
1652 160.1
1651 160.1
1650 160.6
1649 161.1
1648 160.9
1647 161
1646 160.9
1645 160.8
1644 160.8
1643 160.8
1642 161.1
1641 161.2
1640 161.2
1639 161.4
1638 161.6
1637 161.9
1636 161.8
1635 161.7
1634 161.8
1633 161.4
1632 161.6
1631 161.5
1630 161.9
1629 161.7
1628 162.1
1627 162.2
1626 162.2
1625 162.2
1624 162.1
1623 162
1622 161.9
1621 162.1
1620 162.2
1619 162.4
1618 161.9
1617 161.9
1616 162.1
1615 162.3
1614 162.1
1613 162.2
1612 162.1
1611 161.7
1610 162.1
1609 162.4
1608 162.3
1607 162.3
1606 162.2
1605 162.1
1604 162
1603 162.2
1602 162.3
1601 162.4
1600 162.8
1599 163.4
1598 163.7
1597 164.1
1596 164.2
1595 164.5
1594 164.5
1593 164.8
1592 164.9
1591 165.2
1590 165.2
1589 165.5
1588 165.4
1587 165.4
1586 165.3
1585 165.2
1584 164.9
1583 165
1582 164.9
1581 164.9
1580 165.1
1579 165
1578 165
1577 165
1576 164.8
1575 164.9
1574 164.6
1573 164.6
1572 164.7
1571 164.4
1570 164.4
1569 164.7
1568 164.5
1567 164.5
1566 164.7
1565 164.4
1564 164.5
1563 164.3
1562 164.2
1561 163.9
1560 163.6
1559 163.8
1558 163.9
1557 163.8
1556 163.8
1555 163.9
1554 164.1
1553 164.2
1552 164.4
1551 164.4
1550 164.8
1549 165.3
1548 165.2
1547 165.3
1546 165.1
1545 164.9
1544 164.9
1543 164.9
1542 165.2
1541 165.3
1540 164.9
1539 165
1538 165.1
1537 165.1
1536 164.9
1535 164.8
1534 164.8
1533 164.2
1532 164.3
1531 164
1530 164.3
1529 164.1
1528 164.2
1527 164.3
1526 164.2
1525 164.1
1524 164
1523 163.8
1522 163.6
1521 163.6
1520 163.7
1519 163.6
1518 163.4
1517 163.2
1516 163.4
1515 163.6
1514 163.3
1513 163.3
1512 163.2
1511 162.7
1510 163.1
1509 163.3
1508 163.2
1507 163
1506 162.8
1505 162.7
1504 162.5
1503 162.7
1502 162.8
1501 162.8
1500 163.2
1499 163.8
1498 163.9
1497 164.2
1496 164.4
1495 164.7
1494 164.8
1493 165
1492 165.3
1491 165.6
1490 165.7
1489 166.1
1488 166.1
1487 166.2
1486 166.3
1485 166.1
1484 165.9
1483 166.1
1482 166.2
1481 166.3
1480 166.8
1479 166.9
1478 167
1477 167.2
1476 167.1
1475 167.4
1474 167.4
1473 167.5
1472 167.8
1471 167.7
1470 167.9
1469 168.2
1468 168.1
1467 168.4
1466 168.6
1465 168.4
1464 168.5
1463 168.5
1462 168.3
1461 168
1460 167.7
1459 168
1458 168
1457 167.8
1456 167.8
1455 167.8
1454 168.1
1453 168.2
1452 168.4
1451 168.3
1450 168.6
1449 169.1
1448 168.9
1447 169.1
1446 169
1445 168.8
1444 168.7
1443 168.8
1442 169.2
1441 169.3
1440 169
1439 169.3
1438 169.6
1437 169.7
1436 169.5
1435 169.5
1434 169.6
1433 169.2
1432 169.3
1431 169.2
1430 169.6
1429 169.5
1428 169.7
1427 169.9
1426 169.7
1425 169.7
1424 169.8
1423 169.6
1422 169.5
1421 169.6
1420 169.8
1419 169.8
1418 169.6
1417 169.6
1416 169.8
1415 170.1
1414 170
1413 170.1
1412 169.9
1411 169.6
1410 170.2
1409 170.4
1408 170.3
1407 170.2
1406 170.2
1405 170
1404 170
1403 170.2
1402 170.3
1401 170.4
1400 171
1399 171.6
1398 171.8
1397 172.1
1396 172.2
1395 172.5
1394 172.6
1393 172.6
1392 172.8
1391 173
1390 173
1389 173.3
1388 173.1
1387 173.3
1386 173.1
1385 173
1384 172.7
1383 172.8
1382 172.8
1381 172.9
1380 173.1
1379 173.2
1378 173.3
1377 173.5
1376 173.4
1375 173.6
1374 173.6
1373 173.7
1372 174
1371 173.9
1370 174.1
1369 174.5
1368 174.4
1367 174.5
1366 174.6
1365 174.5
1364 174.6
1363 174.6
1362 174.5
1361 174.2
1360 174
1359 174.3
1358 174.3
1357 174.2
1356 174.3
1355 174.5
1354 174.7
1353 174.7
1352 175.1
1351 174.9
1350 175.5
1349 176
1348 176.1
1347 176.3
1346 176.2
1345 176.1
1344 176.2
1343 176.3
1342 176.7
1341 176.9
1340 176.7
1339 177
1338 177.4
1337 177.5
1336 177.4
1335 177.4
1334 177.5
1333 177.1
1332 177.2
1331 177.1
1330 177.4
1329 177.3
1328 177.4
1327 177.5
1326 177.5
1325 177.4
1324 177.4
1323 177.1
1322 176.8
1321 177
1320 177
1319 176.9
1318 176.5
1317 176.4
1316 176.5
1315 176.5
1314 176
1313 175.9
1312 175.7
1311 174.9
1310 174.9
1309 175.3
1308 175.3
1307 175.4
1306 175.5
1305 175.5
1304 175.4
1303 175.9
1302 176.1
1301 176.3
1300 176.9
1299 177.7
1298 178.2
1297 178.6
1296 178.9
1295 179.3
1294 179.5
1293 179.7
1292 180.1
1291 180.5
1290 180.6
1289 181.1
1288 181.2
1287 181.3
1286 181.3
1285 181.1
1284 181
1283 181.2
1282 181.3
1281 181.3
1280 181.7
1279 181.7
1278 181.7
1277 181.9
1276 181.7
1275 182.1
1274 181.9
1273 182.1
1272 182.2
1271 182.3
1270 182.5
1269 182.9
1268 182.8
1267 183
1266 183.2
1265 183.1
1264 183.3
1263 183.4
1262 183.3
1261 183.2
1260 183
1259 183.6
1258 183.7
1257 183.6
1256 183.7
1255 184
1254 184.3
1253 184.4
1252 184.7
1251 184.7
1250 185.1
1249 185.7
1248 185.8
1247 185.9
1246 185.9
1245 185.8
1244 185.8
1243 185.8
1242 186.2
1241 186.4
1240 186.4
1239 186.8
1238 187.1
1237 187.3
1236 187.2
1235 187.3
1234 187.5
1233 187.1
1232 187.4
1231 187.5
1230 187.9
1229 187.9
1228 188.2
1227 188.5
1226 188.6
1225 188.7
1224 188.8
1223 188.8
1222 188.8
1221 189
1220 189.3
1219 189.4
1218 189.3
1217 189.2
1216 189.6
1215 189.9
1214 189.9
1213 190
1212 190.1
1211 189.7
1210 190.2
1209 190.7
1208 190.6
1207 190.6
1206 190.6
1205 190.5
1204 190.3
1203 190.7
1202 191
1201 191
1200 191.6
1199 192.4
1198 192.8
1197 193
1196 193.2
1195 193.4
1194 193.4
1193 193.7
1192 193.7
1191 194
1190 194
1189 194.2
1188 194.2
1187 194.2
1186 194.1
1185 193.9
1184 193.6
1183 193.8
1182 193.7
1181 193.6
1180 194
1179 194
1178 194.1
1177 194.1
1176 193.9
1175 194.2
1174 193.9
1173 194.1
1172 194.3
1171 194.1
1170 194.3
1169 194.5
1168 194.3
1167 194.5
1166 194.6
1165 194.4
1164 194.5
1163 194.4
1162 194.2
1161 194
1160 193.7
1159 193.9
1158 194
1157 193.8
1156 193.7
1155 193.8
1154 194
1153 193.9
1152 194.1
1151 193.9
1150 194.2
1149 194.7
1148 194.5
1147 194.6
1146 194.4
1145 194.2
1144 194
1143 193.9
1142 194.2
1141 194.3
1140 194.2
1139 194.3
1138 194.4
1137 194.6
1136 194.5
1135 194.4
1134 194.6
1133 194.2
1132 194.5
1131 194.4
1130 194.8
1129 194.7
1128 195.1
1127 195.3
1126 195.3
1125 195.5
1124 195.5
1123 195.3
1122 195.2
1121 195.5
1120 195.7
1119 195.8
1118 195.7
1117 195.7
1116 195.8
1115 196.2
1114 196
1113 196.2
1112 196.2
1111 195.7
1110 196.3
1109 196.6
1108 196.5
1107 196.5
1106 196.6
1105 196.4
1104 196.4
1103 196.6
1102 196.8
1101 196.8
1100 197.4
1099 198.1
1098 198.5
1097 198.9
1096 199.1
1095 199.4
1094 199.4
1093 199.7
1092 199.9
1091 200.1
1090 200.2
1089 200.6
1088 200.6
1087 200.6
1086 200.6
1085 200.5
1084 200.4
1083 200.5
1082 200.5
1081 200.5
1080 201
1079 201
1078 201.1
1077 201.3
1076 201
1075 201.4
1074 201.3
1073 201.4
1072 201.7
1071 201.6
1070 201.8
1069 202.2
1068 202.1
1067 202.2
1066 202.4
1065 202.4
1064 202.3
1063 202.3
1062 202.3
1061 202
1060 201.8
1059 202.1
1058 202.1
1057 201.9
1056 201.9
1055 202.1
1054 202.3
1053 202.3
1052 202.5
1051 202.5
1050 202.8
1049 203.2
1048 203.1
1047 203.1
1046 203.1
1045 202.9
1044 202.9
1043 202.9
1042 203.1
1041 203.3
1040 203.2
1039 203.6
1038 203.8
1037 204
1036 203.8
1035 203.8
1034 204
1033 203.6
1032 203.7
1031 203.7
1030 204.1
1029 204.1
1028 204.5
1027 204.6
1026 204.6
1025 204.6
1024 204.6
1023 204.5
1022 204.3
1021 204.5
1020 204.6
1019 204.7
1018 204.3
1017 204.3
1016 204.3
1015 204.5
1014 204.3
1013 204.3
1012 204.1
1011 203.6
1010 203.9
1009 204.1
1008 204
1007 203.9
1006 203.7
1005 203.5
1004 203.2
1003 203.6
1002 203.6
1001 203.6
1000 204.1
999 204.9
998 205.1
997 205.3
996 205.5
995 205.8
994 205.8
993 205.8
992 206
991 206.3
990 206.4
989 206.8
988 206.8
987 206.8
986 206.9
985 206.7
984 206.6
983 206.8
982 206.8
981 207.1
980 207.5
979 207.6
978 207.8
977 208
976 207.9
975 208.2
974 208.2
973 208.4
972 208.6
971 208.7
970 208.9
969 209.5
968 209.5
967 209.8
966 210.2
965 210.1
964 210.4
963 210.5
962 210.5
961 210.4
960 210.3
959 210.7
958 210.8
957 210.8
956 210.9
955 211.2
954 211.5
953 211.6
952 211.9
951 212
950 212.6
949 213.3
948 213.3
947 213.5
946 213.5
945 213.4
944 213.4
943 213.4
942 213.8
941 214
940 213.8
939 214.2
938 214.8
937 215.1
936 215.2
935 215.2
934 215.6
933 215.2
932 215.6
931 215.6
930 216.1
929 216
928 216.4
927 216.6
926 216.5
925 216.5
924 216.6
923 216.4
922 216.3
921 216.7
920 216.9
919 217
918 216.8
917 216.9
916 217.3
915 217.6
914 217.4
913 217.7
912 217.7
911 217.2
910 217.9
909 218.2
908 218.2
907 218.2
906 218.3
905 218.1
904 218.1
903 218.6
902 219
901 219.1
900 219.8
899 220.8
898 221.2
897 221.7
896 221.9
895 222.3
894 222.4
893 222.7
892 222.9
891 223.3
890 223.4
889 223.8
888 224
887 224.2
886 224.4
885 224.2
884 224.3
883 224.6
882 224.9
881 225.1
880 225.5
879 225.8
878 226.1
877 226.3
876 226.2
875 226.6
874 226.6
873 226.8
872 227.1
871 227
870 227.3
869 227.8
868 227.7
867 227.9
866 228.2
865 228
864 228.3
863 228.4
862 228.5
861 228.4
860 228.1
859 228.5
858 228.8
857 228.7
856 228.8
855 229.2
854 229.5
853 229.7
852 230.1
851 230.1
850 230.6
849 231.3
848 231.3
847 231.4
846 231.4
845 231.3
844 231.4
843 231.4
842 231.9
841 232.2
840 232.2
839 232.6
838 233
837 233.3
836 233.2
835 233.2
834 233.4
833 232.9
832 233.3
831 233.2
830 233.8
829 233.9
828 234.2
827 234.6
826 234.6
825 234.7
824 234.9
823 234.7
822 234.7
821 235
820 235.3
819 235.3
818 235
817 235
816 235.3
815 235.7
814 235.5
813 235.7
812 235.8
811 235.2
810 235.8
809 236.2
808 236.3
807 236.3
806 236.2
805 236.2
804 236.1
803 236.5
802 236.7
801 236.8
800 237.4
799 238.4
798 238.8
797 239.3
796 239.6
795 240.1
794 240.3
793 240.7
792 240.9
791 241.3
790 241.5
789 241.9
788 241.9
787 242
786 242
785 241.8
784 241.5
783 241.7
782 241.8
781 241.8
780 242.4
779 242.6
778 242.8
777 243
776 242.7
775 243.2
774 243.1
773 243.2
772 243.4
771 243.3
770 243.7
769 244
768 243.9
767 244.1
766 244.4
765 244.2
764 244.5
763 244.4
762 244.4
761 244.1
760 243.9
759 244.3
758 244.4
757 244.2
756 244.4
755 244.6
754 244.9
753 245
752 245.4
751 245.5
750 246.1
749 246.8
748 246.8
747 246.9
746 247
745 246.8
744 247
743 247
742 247.5
741 247.8
740 247.8
739 248.3
738 248.7
737 249
736 248.9
735 248.9
734 249.1
733 248.6
732 248.8
731 248.6
730 249.1
729 249.1
728 249.5
727 249.7
726 249.7
725 249.7
724 249.7
723 249.4
722 249.4
721 249.6
720 249.9
719 249.9
718 249.6
717 249.4
716 249.7
715 249.9
714 249.7
713 250
712 249.8
711 249
710 249.6
709 250
708 249.8
707 249.6
706 249.4
705 249.2
704 249.1
703 249.4
702 249.5
701 249.5
700 250.1
699 251
698 251.1
697 251.6
696 251.7
695 252
694 251.9
693 252.1
692 252.2
691 252.4
690 252.5
689 252.7
688 252.6
687 252.4
686 252.3
685 251.9
684 251.4
683 251.5
682 251.5
681 251.2
680 251.6
679 251.6
678 251.5
677 251.5
676 251.1
675 251.3
674 251
673 251
672 251.1
671 250.9
670 251
669 251.3
668 250.9
667 250.9
666 251
665 250.6
664 250.5
663 250.2
662 249.8
661 249.3
660 248.5
659 248.8
658 248.8
657 248.5
656 248.4
655 248.5
654 248.8
653 248.9
652 249.1
651 249.1
650 249.6
649 250.3
648 250.3
647 250.5
646 250.5
645 250.4
644 250.7
643 250.7
642 251.2
641 251.5
640 251.5
639 251.9
638 252.3
637 252.8
636 252.7
635 252.7
634 252.9
633 252.4
632 252.6
631 252.6
630 253.2
629 253.1
628 253.5
627 253.9
626 254
625 254
624 254.2
623 254
622 253.8
621 254.2
620 254.4
619 254.7
618 254.4
617 254.3
616 254.5
615 254.8
614 254.6
613 254.9
612 254.8
611 254.1
610 254.7
609 255.1
608 255.1
607 254.9
606 254.8
605 254.7
604 254.6
603 255
602 255.3
601 255.4
600 256.1
599 257
598 257.5
597 258.1
596 258.4
595 258.9
594 259.1
593 259.5
592 259.7
591 260.1
590 260.1
589 260.5
588 260.5
587 260.4
586 260.3
585 259.9
584 259.5
583 259.7
582 259.8
581 259.7
580 260.3
579 260.4
578 260.5
577 260.7
576 260.4
575 260.7
574 260.5
573 260.7
572 260.9
571 260.7
570 261
569 261.1
568 260.9
567 261.1
566 261.2
565 261
564 261.2
563 260.9
562 260.8
561 260.6
560 260.3
559 260.7
558 260.8
557 260.5
556 260.6
555 260.9
554 261.2
553 261.3
552 261.5
551 261.5
550 262.2
549 262.9
548 262.9
547 263
546 263.1
545 263
544 263.2
543 263.3
542 263.8
541 264.3
540 264.4
539 264.8
538 265.2
537 265.7
536 265.7
535 265.7
534 266
533 265.4
532 265.7
531 265.7
530 266.2
529 266.1
528 266.5
527 266.9
526 267
525 266.9
524 267.2
523 267.1
522 266.9
521 267.3
520 267.5
519 267.8
518 267.5
517 267.5
516 267.8
515 268
514 267.9
513 268.2
512 268.1
511 267.4
510 268.2
509 268.6
508 268.7
507 268.6
506 268.7
505 268.6
504 268.6
503 269.2
502 269.6
501 269.8
500 270.8
499 272
498 272.5
497 273.2
496 273.6
495 274.2
494 274.4
493 274.8
492 275.3
491 275.7
490 276
489 276.6
488 276.7
487 276.9
486 277
485 276.8
484 276.6
483 277
482 277.2
481 277.3
480 277.8
479 278.1
478 278.5
477 278.6
476 278.5
475 279
474 278.9
473 279.2
472 279.7
471 279.9
470 280.4
469 281
468 280.9
467 281.3
466 281.8
465 281.9
464 282.3
463 282.3
462 282.3
461 282.2
460 282
459 282.7
458 283.1
457 283.2
456 283.5
455 284
454 284.7
453 285.1
452 285.7
451 285.9
450 286.6
449 286.9
448 286.6
447 286.3
446 285.9
445 285.3
444 284.7
443 284.2
442 284
441 283.6
440 282.9
439 282.6
438 282.5
437 282.6
436 281.9
435 281.4
434 281.1
433 280.1
432 279.7
431 279
430 279
429 278.5
428 278.5
427 278.6
426 278.3
425 278
424 277.8
423 277.1
422 276.5
421 276.5
420 276.3
419 276
418 275.3
417 274.8
416 274.6
415 274.4
414 273.7
413 273.5
412 273
411 271.8
410 272
409 271.9
408 271.3
407 270.6
406 270
405 269.2
404 268.5
403 268.5
402 268.2
401 267.9
400 268.2
399 268.6
398 268.7
397 268.9
396 268.8
395 269
394 268.7
393 268.6
392 268.4
391 268.3
390 267.9
389 267.7
388 267.1
387 266.6
386 266.1
385 265.2
384 264.4
383 264.2
382 263.8
381 263.3
380 263.2
379 262.9
378 262.4
377 262
376 261.2
375 260.9
374 260.2
373 259.8
372 259.6
371 258.9
370 258.6
369 258.4
368 257.7
367 257.3
366 257
365 256.2
364 255.8
363 255
362 254.3
361 253.5
360 252.4
359 252.3
358 251.7
357 250.9
356 250.2
355 250
354 249.7
353 249.3
352 249.2
351 248.8
350 248.7
349 249.4
348 249.5
347 249.7
346 250
345 249.9
344 250.1
343 250.5
342 251
341 251.3
340 251.2
339 251.5
338 251.9
337 252.4
336 252.2
335 252.1
334 252.2
333 251.6
332 251.7
331 251.5
330 251.9
329 251.8
328 252.1
327 252.4
326 252.3
325 252.2
324 252.4
323 251.9
322 251.7
321 251.8
320 251.9
319 252
318 251.8
317 251.6
316 251.6
315 252.1
314 251.7
313 251.8
312 251.7
311 250.9
310 251.6
309 251.9
308 251.9
307 251.7
306 251.4
305 251.2
304 251
303 251.6
302 251.7
301 251.6
300 252.3
299 253
298 253.1
297 253.4
296 253.4
295 253.8
294 253.7
293 254
292 254.1
291 254.4
290 254.6
289 254.9
288 255
287 255
286 255.1
285 254.7
284 254.4
283 254.7
282 254.9
281 255.1
280 255.6
279 256
278 256.2
277 256.5
276 256.2
275 256.6
274 256.6
273 256.8
272 257.2
271 257.3
270 257.7
269 258.3
268 258.2
267 258.6
266 259
265 258.7
264 259.1
263 259.3
262 259.5
261 259.5
260 259.4
259 259.8
258 260.1
257 260
256 260.2
255 260.5
254 261
253 261.2
252 261.6
251 261.7
250 262.3
249 262.9
248 263.1
247 263.4
246 263.4
245 263.4
244 263.6
243 263.9
242 264.2
241 264.5
240 264.5
239 264.9
238 265.3
237 265.8
236 265.5
235 265.6
234 266
233 265.4
232 265.6
231 265.4
230 266
229 266
228 266.4
227 266.7
226 266.8
225 267.3
224 267.7
223 267.7
222 267.9
221 268.6
220 269.1
219 269.5
218 269.6
217 269.8
216 270.2
215 270.9
214 271
213 271.7
212 272.1
211 271.7
210 272.8
209 273.4
208 273.9
207 273.9
206 274.1
205 274.2
204 274.4
203 275.3
202 275.7
201 276.1
200 277.2
199 278.2
198 278.7
197 279.5
196 280
195 280.7
194 281
193 281.5
192 282
191 282.6
190 283.2
189 284.1
188 284.4
187 284.8
186 285
185 284.9
184 284.9
183 285.5
182 286.1
181 286.7
180 287.6
179 288.2
178 288.7
177 289.5
176 289.7
175 290.3
174 290.5
173 291.1
172 291.8
171 291.9
170 292.5
169 293.2
168 293.4
167 294.1
166 294.9
165 295.1
164 295.8
163 296.2
162 296.7
161 297
160 296.9
159 297.8
158 298.6
157 298.8
156 299.4
155 300.2
154 301
153 301.7
152 302.5
151 303
150 304.1
149 305.2
148 305.8
147 306.5
146 306.9
145 307.3
144 308.2
143 308.8
142 309.8
141 310.8
140 311.3
139 312.4
138 313.5
137 314.8
136 315.3
135 315.9
134 316.8
133 316.8
132 317.7
131 318.2
130 319.6
129 320.3
128 321.4
127 322.6
126 323.5
125 324.2
124 325
123 325.3
122 325.8
121 326.8
120 327.8
119 328.4
118 328.7
117 329.3
116 330.4
115 331.5
114 331.8
113 332.8
112 333.5
111 333.2
110 334.9
109 336
108 336.7
107 337.2
106 337.9
105 338.8
104 339.7
103 341.3
102 342.1
101 342.2
100 343.1
